  param n:=415;
  param p:=315;
   
  param: E : c := 

1 316 2
1 323 2
1 324 2
1 327 2
1 328 2
1 333 2
1 360 2
1 370 2
1 377 1
1 393 2
1 400 2
1 402 2
2 316 3
2 324 2
2 328 2
2 331 2
2 333 2
2 338 2
2 340 2
2 341 2
2 344 2
2 350 2
2 354 4
2 365 2
2 370 2
2 371 2
2 377 1
2 378 2
2 405 2
2 408 2
3 316 2
3 317 2
3 320 2
3 323 2
3 324 2
3 326 2
3 328 2
3 331 2
3 332 2
3 333 2
3 338 2
3 352 2
3 354 2
3 360 3
3 365 2
3 368 2
3 371 2
3 379 2
3 381 2
3 408 2
3 409 2
3 414 2
4 322 2
4 324 2
4 327 2
4 328 2
4 331 2
4 333 2
4 340 2
4 341 2
4 342 2
4 344 2
4 345 2
4 360 2
4 370 2
4 371 2
4 377 1
4 405 2
4 408 2
5 328 2
5 333 2
5 342 2
5 344 2
5 365 2
5 377 1
5 405 2
6 316 2
6 317 2
6 318 2
6 319 3
6 320 2
6 323 2
6 324 2
6 326 3
6 327 2
6 328 2
6 329 2
6 330 2
6 331 2
6 333 2
6 334 2
6 335 2
6 338 2
6 343 2
6 360 2
6 370 2
6 371 2
6 377 1
6 378 2
6 379 2
6 381 3
7 318 2
7 326 2
7 327 2
7 328 2
7 332 2
7 342 2
7 354 2
7 370 2
8 317 2
8 324 2
8 332 2
8 333 2
8 377 1
9 332 2
9 354 2
9 365 2
9 371 2
9 377 1
9 405 2
10 316 2
10 317 2
10 321 2
10 324 2
10 333 2
10 342 2
10 344 2
10 350 2
10 351 2
10 352 2
10 355 2
10 359 2
10 365 2
10 370 2
10 371 2
10 377 1
10 385 2
10 392 2
10 393 2
10 398 2
10 408 2
11 316 2
11 319 2
11 321 3
11 323 2
11 324 2
11 327 2
11 330 2
11 331 3
11 332 2
11 333 2
11 340 2
11 341 2
11 344 2
11 345 2
11 365 2
11 370 2
11 371 2
11 377 1
11 405 3
11 408 2
12 316 2
12 317 2
12 320 2
12 321 2
12 322 2
12 323 5
12 324 5
12 326 2
12 327 3
12 328 3
12 329 3
12 330 2
12 331 2
12 332 2
12 333 3
12 334 3
12 335 2
12 336 2
12 337 2
12 338 3
12 339 3
12 340 2
12 341 2
12 342 3
12 343 3
12 344 3
12 345 3
12 346 2
12 347 2
12 348 2
12 349 2
12 351 2
12 352 2
12 353 2
12 354 2
12 355 5
12 356 2
12 357 2
12 359 5
12 360 3
12 361 2
12 362 2
12 366 2
12 368 2
12 369 2
12 370 3
12 371 2
12 372 3
12 376 3
12 377 3
12 378 4
12 381 2
12 385 4
12 386 3
12 388 3
12 389 4
12 391 3
12 393 2
12 399 3
12 400 2
12 401 2
12 402 2
12 404 2
12 405 3
12 407 2
12 409 2
12 410 2
12 411 4
12 412 1
12 414 2
13 317 2
13 327 2
13 333 2
13 365 2
13 392 2
14 316 2
14 317 2
14 320 2
14 322 2
14 324 2
14 327 3
14 328 2
14 331 3
14 332 3
14 333 2
14 335 2
14 343 2
14 344 2
14 351 2
14 352 3
14 355 2
14 357 3
14 359 2
14 371 2
14 372 2
14 374 2
14 377 1
14 378 2
14 391 2
14 398 2
14 400 2
14 411 2
15 316 2
15 317 2
15 324 2
15 329 2
15 333 2
15 342 2
16 319 2
16 320 2
16 321 2
16 323 2
16 324 2
16 326 2
16 327 2
16 330 2
16 333 2
16 339 2
16 343 2
16 344 2
16 345 2
16 350 2
16 355 2
16 359 2
16 371 2
16 377 1
16 405 2
16 408 2
17 317 2
17 320 2
17 321 2
17 322 2
17 323 2
17 324 2
17 326 2
17 327 2
17 329 2
17 331 2
17 332 2
17 333 2
17 334 2
17 338 2
17 339 2
17 340 4
17 342 2
17 343 4
17 344 3
17 345 2
17 350 3
17 352 2
17 353 2
17 354 4
17 355 3
17 359 2
17 360 2
17 362 2
17 365 2
17 370 3
17 371 3
17 372 3
17 377 1
17 382 2
17 405 3
17 408 2
17 414 2
18 316 3
18 317 3
18 318 2
18 319 3
18 320 2
18 322 1
18 323 2
18 324 3
18 326 3
18 327 3
18 328 2
18 329 2
18 331 2
18 333 2
18 335 3
18 340 2
18 342 2
18 343 2
18 344 3
18 345 3
18 347 2
18 351 2
18 352 2
18 353 3
18 355 2
18 356 2
18 357 2
18 359 3
18 360 2
18 365 2
18 367 2
18 368 2
18 371 3
18 374 2
18 377 2
18 378 1
18 379 3
18 380 3
18 382 2
18 387 3
18 388 2
18 391 2
18 399 3
18 401 2
18 402 3
18 404 2
18 407 2
18 409 2
18 410 2
18 411 2
18 412 3
18 413 2
18 414 2
19 316 2
19 317 2
19 319 2
19 320 2
19 322 2
19 323 3
19 324 3
19 325 2
19 326 2
19 327 2
19 328 3
19 329 3
19 331 3
19 332 2
19 333 2
19 334 2
19 335 2
19 337 2
19 338 3
19 340 2
19 341 2
19 342 2
19 343 3
19 344 3
19 345 2
19 347 2
19 352 2
19 354 2
19 355 2
19 356 2
19 357 2
19 359 2
19 360 2
19 365 2
19 368 2
19 370 3
19 371 2
19 372 2
19 377 1
19 379 3
19 381 3
19 401 2
19 404 2
19 407 2
19 408 2
19 409 2
19 411 2
19 414 2
20 377 1
21 316 2
21 317 2
21 320 2
21 324 2
21 333 2
21 344 2
21 350 2
21 365 2
21 370 2
21 385 2
21 393 1
22 316 2
22 317 2
22 319 2
22 322 1
22 324 3
22 327 2
22 328 3
22 330 2
22 333 2
22 352 2
22 353 2
22 355 2
22 356 2
22 371 2
22 374 2
22 376 2
22 377 1
22 381 3
22 409 2
23 316 2
23 317 2
23 324 2
23 333 2
23 370 2
23 371 2
23 372 2
23 377 1
23 405 2
23 408 2
24 317 2
24 324 2
24 355 2
24 365 2
24 368 2
24 371 2
25 316 2
25 317 2
25 320 1
25 324 2
25 326 2
25 327 2
25 328 2
25 329 2
25 331 2
25 333 2
25 334 2
25 337 2
25 338 3
25 340 2
25 342 2
25 343 2
25 344 2
25 345 3
25 346 2
25 352 2
25 354 2
25 359 2
25 365 2
25 370 2
25 371 2
25 400 2
25 404 2
25 405 3
26 318 2
26 320 1
26 321 2
26 322 2
26 323 3
26 324 3
26 326 2
26 327 2
26 328 2
26 329 2
26 330 2
26 331 2
26 333 2
26 336 3
26 337 2
26 338 3
26 339 2
26 340 2
26 341 2
26 342 2
26 343 2
26 344 2
26 348 3
26 349 2
26 351 2
26 352 2
26 353 2
26 354 3
26 356 2
26 357 3
26 359 3
26 360 2
26 361 3
26 363 2
26 364 3
26 365 3
26 366 3
26 367 2
26 368 4
26 369 3
26 370 2
26 371 2
26 372 2
26 374 2
26 375 2
26 377 1
26 378 2
26 379 3
26 381 2
26 385 3
26 386 2
26 389 2
26 391 2
26 392 2
26 398 2
26 401 2
26 404 2
26 405 3
26 407 2
26 408 2
26 409 2
26 411 2
26 414 2
27 316 2
27 317 2
27 318 2
27 319 2
27 320 2
27 323 2
27 324 2
27 326 2
27 327 3
27 328 3
27 329 2
27 330 2
27 331 2
27 332 3
27 333 2
27 334 2
27 335 3
27 338 2
27 339 2
27 340 2
27 342 2
27 343 3
27 344 3
27 345 3
27 351 2
27 352 4
27 353 2
27 355 2
27 357 2
27 360 2
27 365 2
27 368 2
27 370 2
27 371 2
27 372 2
27 374 2
27 376 3
27 377 3
27 379 3
27 381 3
27 385 2
27 386 3
27 388 2
27 401 2
27 402 2
27 403 2
27 410 2
27 411 2
27 413 2
27 414 2
27 415 2
28 316 2
28 317 2
28 320 2
28 324 2
28 326 2
28 332 2
28 333 2
28 354 2
28 355 2
28 358 3
28 359 2
28 377 1
28 379 2
29 317 2
29 324 2
30 317 2
30 321 1
30 322 2
30 323 2
30 324 2
30 326 2
30 327 2
30 328 2
30 329 2
30 330 2
30 333 2
30 334 2
30 336 2
30 338 3
30 339 2
30 340 2
30 341 2
30 342 2
30 343 2
30 344 2
30 345 2
30 346 2
30 348 4
30 349 2
30 350 3
30 351 2
30 352 2
30 353 3
30 354 2
30 355 2
30 356 2
30 357 2
30 359 3
30 360 3
30 361 2
30 362 2
30 363 3
30 364 2
30 365 3
30 366 2
30 367 2
30 368 2
30 369 2
30 370 2
30 372 2
30 374 2
30 377 2
30 378 2
30 379 2
30 385 2
30 386 2
30 388 2
30 389 1
30 393 2
30 394 2
30 395 2
30 396 2
30 400 2
30 401 2
30 402 3
30 404 2
30 405 2
30 406 2
30 410 2
30 411 2
30 412 2
30 414 2
31 316 2
31 317 2
31 319 2
31 320 2
31 321 2
31 322 2
31 323 4
31 324 2
31 326 2
31 327 2
31 328 3
31 330 2
31 331 2
31 332 2
31 333 2
31 338 2
31 339 2
31 340 2
31 341 2
31 342 2
31 343 2
31 344 2
31 345 2
31 350 2
31 351 2
31 353 2
31 355 2
31 359 2
31 365 2
31 370 2
31 371 2
31 372 2
31 377 1
31 382 2
31 405 2
31 408 2
31 409 2
32 316 2
32 320 1
32 323 2
32 324 2
32 326 2
32 327 2
32 329 2
32 333 2
32 344 2
32 360 2
32 370 2
32 377 1
32 379 2
33 324 2
33 333 2
33 341 2
33 342 2
33 343 2
33 344 2
33 345 2
33 377 1
33 408 2
34 316 2
34 317 2
34 323 2
34 324 2
34 326 2
34 329 2
34 331 2
34 333 2
34 349 2
34 350 2
34 370 2
34 371 2
34 374 2
34 379 2
35 317 2
35 324 2
35 327 2
35 328 2
35 333 2
35 342 2
35 373 2
35 377 1
36 317 2
36 319 2
36 320 2
36 323 3
36 324 3
36 326 2
36 327 4
36 328 2
36 331 3
36 332 2
36 333 3
36 340 2
36 343 2
36 346 2
36 349 2
36 350 2
36 351 3
36 352 4
36 353 2
36 355 2
36 358 2
36 359 2
36 360 2
36 362 3
36 363 3
36 368 2
36 370 2
36 371 3
36 372 2
36 373 3
36 377 3
36 378 2
36 385 2
36 386 3
36 388 2
36 391 3
36 392 2
36 393 2
36 395 2
36 398 2
36 407 2
36 410 2
36 411 2
36 414 2
36 415 2
37 316 2
37 317 2
37 324 2
37 333 2
37 355 2
37 358 2
37 372 3
37 379 2
37 399 2
37 402 2
37 403 3
38 316 2
38 317 2
38 324 2
38 326 2
38 327 2
38 329 2
38 332 3
38 333 2
38 339 2
38 352 2
38 353 2
38 355 2
38 370 2
38 371 2
38 376 3
38 377 1
38 379 2
38 402 2
38 414 2
39 316 2
39 317 2
39 320 2
39 323 2
39 324 2
39 325 3
39 326 3
39 328 3
39 329 2
39 331 2
39 333 2
39 335 3
39 343 2
39 344 2
39 360 2
39 368 2
39 370 2
39 374 2
39 377 1
39 379 2
39 401 2
39 402 2
39 403 3
40 317 2
40 318 2
40 320 1
40 321 2
40 322 2
40 323 2
40 324 2
40 326 2
40 327 2
40 328 2
40 329 2
40 330 2
40 331 2
40 333 2
40 335 2
40 339 2
40 340 2
40 342 2
40 343 2
40 344 3
40 345 2
40 349 2
40 350 3
40 352 2
40 353 2
40 354 2
40 355 4
40 359 2
40 360 3
40 361 2
40 368 2
40 371 3
40 373 3
40 374 2
40 377 1
40 380 2
40 381 3
40 385 2
40 401 2
40 402 2
40 405 2
40 408 2
40 409 2
40 411 2
40 414 2
41 317 3
41 319 2
41 324 2
41 328 3
41 333 2
41 345 3
41 374 2
41 377 1
41 379 2
42 332 2
42 333 2
42 343 2
42 350 2
42 351 2
42 352 2
42 363 2
42 371 2
42 377 2
42 400 2
43 324 3
43 326 3
43 327 1
43 328 2
43 332 2
43 333 2
43 352 2
43 354 2
43 355 2
43 374 2
43 377 1
43 378 2
43 379 2
43 402 2
44 316 3
44 317 2
44 318 3
44 319 3
44 322 1
44 324 3
44 325 2
44 327 3
44 328 2
44 329 2
44 330 2
44 331 2
44 333 2
44 335 2
44 345 2
44 347 2
44 352 2
44 353 3
44 355 2
44 356 2
44 360 2
44 367 2
44 368 3
44 371 3
44 374 2
44 376 2
44 377 3
44 378 2
44 379 4
44 380 5
44 381 2
44 382 3
44 383 2
44 396 2
44 399 2
44 401 3
44 403 3
44 404 2
44 406 2
44 407 5
44 409 2
44 410 2
44 411 2
44 412 5
44 414 2
44 415 2
45 316 3
45 317 2
45 319 2
45 320 2
45 321 2
45 322 2
45 324 2
45 331 2
45 333 2
45 338 2
45 340 2
45 342 2
45 343 2
45 344 2
45 350 2
45 351 2
45 362 2
45 371 2
45 372 2
45 388 2
45 389 1
45 391 2
45 392 2
45 393 2
45 403 2
45 405 2
45 408 2
45 414 2
46 328 2
46 329 2
46 333 2
46 339 2
46 340 2
46 342 2
46 344 2
46 356 4
46 371 2
46 385 2
47 377 1
48 316 2
48 317 2
48 318 2
48 319 3
48 320 3
48 323 2
48 324 2
48 326 3
48 327 3
48 328 2
48 329 2
48 330 2
48 331 2
48 333 2
48 335 2
48 338 2
48 343 3
48 344 2
48 356 2
48 360 2
48 365 2
48 366 2
48 370 2
48 371 2
48 377 1
48 379 2
48 381 3
48 409 2
48 414 2
49 316 2
49 317 2
49 324 2
49 325 2
49 326 3
49 328 2
49 329 2
49 330 2
49 331 2
49 333 2
49 335 2
49 344 2
49 347 2
49 360 2
49 362 2
49 370 2
49 374 2
49 393 3
49 399 2
49 400 3
49 402 2
49 403 2
50 316 2
50 317 2
50 320 2
50 321 5
50 322 2
50 323 3
50 324 2
50 326 3
50 327 2
50 328 2
50 329 2
50 332 3
50 333 2
50 334 1
50 335 2
50 337 3
50 338 2
50 339 2
50 340 3
50 341 2
50 342 2
50 343 3
50 344 3
50 345 3
50 347 2
50 349 4
50 350 3
50 351 3
50 352 3
50 353 2
50 354 4
50 355 2
50 359 3
50 360 2
50 364 2
50 365 3
50 366 2
50 367 3
50 368 2
50 370 2
50 371 3
50 372 4
50 374 2
50 377 3
50 378 5
50 379 2
50 381 2
50 382 2
50 384 2
50 385 2
50 386 3
50 387 2
50 388 4
50 389 1
50 390 2
50 391 4
50 392 3
50 393 2
50 394 2
50 395 2
50 396 2
50 398 3
50 399 2
50 400 2
50 401 2
50 402 3
50 404 2
50 405 3
50 407 2
50 408 3
50 410 2
50 411 2
50 412 3
50 414 2
50 415 2
51 321 2
51 322 2
51 323 2
51 324 2
51 326 3
51 328 2
51 329 2
51 333 2
51 338 2
51 339 2
51 340 2
51 341 2
51 342 2
51 343 2
51 344 2
51 345 3
51 350 2
51 351 2
51 352 2
51 354 2
51 355 2
51 365 2
51 371 2
51 372 2
51 377 1
51 379 2
51 393 2
51 405 2
51 408 2
51 415 2
52 316 2
52 317 2
52 319 2
52 320 2
52 322 2
52 323 2
52 324 3
52 326 3
52 328 4
52 329 2
52 330 2
52 331 2
52 333 2
52 334 2
52 338 3
52 339 2
52 340 2
52 341 2
52 342 2
52 343 2
52 344 2
52 345 2
52 349 3
52 350 3
52 351 2
52 352 2
52 354 3
52 355 4
52 356 2
52 357 2
52 360 2
52 362 2
52 363 3
52 365 2
52 371 2
52 372 2
52 377 3
52 385 2
52 386 2
52 388 2
52 389 1
52 391 2
52 392 2
52 393 3
52 395 2
52 398 2
52 404 2
52 405 2
52 407 2
52 408 2
52 410 2
52 411 2
52 414 2
53 316 2
53 317 2
53 319 2
53 320 2
53 321 4
53 322 2
53 323 3
53 324 2
53 326 2
53 327 2
53 328 2
53 329 2
53 330 2
53 331 2
53 332 2
53 333 2
53 334 3
53 335 2
53 338 3
53 339 2
53 340 2
53 341 2
53 342 2
53 343 2
53 344 2
53 345 3
53 347 2
53 349 4
53 350 3
53 351 2
53 352 2
53 353 2
53 356 2
53 357 2
53 359 3
53 360 3
53 362 2
53 367 2
53 368 2
53 369 2
53 370 2
53 371 3
53 372 2
53 374 2
53 376 4
53 377 3
53 380 2
53 381 2
53 385 3
53 394 2
53 399 2
53 401 2
53 402 3
53 404 2
53 405 2
53 406 2
53 407 2
53 408 2
53 409 2
53 410 2
53 411 4
53 414 2
54 316 2
54 324 2
54 326 3
54 333 2
54 353 2
54 355 2
54 370 4
54 371 2
54 374 2
54 376 2
54 379 2
54 381 3
55 316 2
55 322 2
55 324 2
55 333 2
55 360 2
55 377 1
56 316 2
56 317 2
56 319 2
56 320 3
56 321 2
56 322 2
56 323 2
56 324 2
56 325 2
56 326 2
56 327 2
56 328 2
56 330 2
56 331 2
56 332 2
56 333 2
56 338 2
56 339 2
56 340 2
56 341 2
56 342 2
56 343 2
56 344 2
56 345 2
56 350 2
56 351 2
56 352 2
56 353 2
56 354 3
56 355 2
56 356 2
56 358 2
56 360 3
56 365 3
56 368 2
56 370 2
56 371 2
56 372 2
56 377 1
56 385 2
56 405 2
56 408 2
57 316 2
57 320 3
57 321 2
57 324 2
57 326 2
57 327 2
57 329 2
57 333 3
57 338 3
57 340 2
57 342 2
57 343 2
57 344 2
57 345 3
57 346 2
57 352 2
57 354 2
57 355 2
57 365 2
57 368 2
57 370 4
57 371 2
57 377 1
57 402 2
58 316 2
58 317 2
58 323 2
58 324 2
58 327 3
58 330 2
58 333 2
58 335 2
58 338 2
58 342 2
58 343 2
58 344 3
58 347 2
58 360 2
58 365 2
58 367 2
58 370 3
58 374 2
58 377 1
58 379 2
58 381 3
58 382 3
58 399 2
58 401 2
58 403 2
58 404 2
58 413 2
59 316 2
59 320 1
59 324 2
59 326 2
59 327 2
59 328 2
59 330 2
59 333 2
59 335 2
59 366 2
59 399 2
59 414 2
60 316 2
60 317 2
60 319 3
60 320 2
60 323 2
60 324 2
60 326 2
60 327 3
60 328 3
60 329 2
60 330 2
60 331 2
60 333 2
60 340 3
60 341 2
60 342 2
60 343 2
60 345 3
60 370 2
60 377 1
60 379 2
60 393 1
60 399 2
60 414 2
61 317 2
61 319 2
61 320 1
61 321 2
61 322 2
61 323 2
61 324 2
61 326 2
61 327 2
61 328 2
61 329 2
61 330 2
61 331 2
61 333 1
61 334 2
61 335 2
61 338 3
61 339 2
61 340 2
61 341 2
61 343 2
61 344 2
61 345 2
61 349 2
61 350 2
61 352 2
61 353 2
61 354 2
61 359 2
61 360 3
61 367 2
61 368 2
61 369 2
61 370 2
61 371 2
61 372 2
61 374 2
61 377 1
61 380 2
61 381 2
61 385 3
61 402 2
61 404 2
61 405 2
61 408 2
61 409 2
61 410 2
61 411 2
61 414 2
62 316 2
62 324 2
62 331 2
62 332 2
62 333 2
62 335 2
62 360 2
63 317 2
63 320 2
63 321 2
63 322 2
63 327 2
63 328 2
63 330 2
63 331 2
63 332 3
63 333 2
63 338 2
63 339 2
63 341 2
63 342 2
63 344 2
63 345 2
63 351 2
63 355 3
63 365 2
63 370 2
63 371 2
63 377 1
63 405 2
63 408 2
64 316 2
64 317 2
64 319 2
64 320 2
64 323 2
64 324 3
64 326 3
64 327 2
64 331 2
64 333 2
64 353 2
64 359 2
64 371 3
64 374 2
64 376 2
64 378 2
64 381 4
64 399 2
64 401 2
64 404 2
64 411 2
64 414 2
65 316 2
65 317 2
65 318 2
65 324 2
65 327 2
65 328 2
65 332 2
65 333 2
65 334 2
65 338 3
65 340 2
65 342 2
65 343 2
65 344 2
65 345 3
65 346 2
65 352 2
65 354 2
65 355 2
65 365 2
65 368 2
65 370 2
65 371 2
65 377 1
66 316 2
66 317 5
66 318 2
66 319 2
66 320 2
66 321 2
66 322 5
66 323 2
66 324 3
66 325 2
66 326 3
66 327 2
66 328 4
66 330 2
66 331 2
66 332 4
66 333 2
66 334 3
66 335 3
66 337 5
66 339 2
66 340 3
66 342 2
66 343 2
66 344 2
66 345 3
66 346 2
66 347 2
66 349 2
66 350 2
66 351 3
66 352 3
66 353 2
66 354 2
66 355 2
66 356 2
66 357 2
66 358 3
66 359 2
66 360 3
66 361 3
66 364 4
66 365 3
66 366 2
66 367 4
66 368 3
66 369 4
66 370 2
66 371 3
66 374 4
66 375 3
66 376 2
66 377 3
66 378 2
66 379 3
66 380 3
66 381 2
66 382 3
66 383 3
66 385 5
66 387 4
66 395 2
66 396 3
66 397 5
66 399 3
66 401 2
66 404 5
66 406 2
66 407 2
66 409 2
66 410 5
66 411 4
66 412 3
66 413 2
66 414 5
67 316 2
67 319 2
67 320 1
67 323 2
67 324 2
67 327 2
67 328 2
67 329 2
67 331 2
67 333 2
67 335 2
67 370 2
67 377 1
67 379 2
68 316 2
68 317 2
68 319 2
68 322 1
68 324 3
68 327 2
68 328 2
68 333 2
68 335 2
68 353 2
68 371 2
68 374 2
68 376 2
68 379 2
68 381 3
68 399 2
68 404 2
68 414 2
69 316 2
69 317 2
69 324 2
69 327 1
69 333 2
69 385 2
70 316 2
70 317 2
70 322 1
70 324 3
70 325 2
70 327 4
70 329 2
70 330 2
70 333 2
70 335 2
70 340 2
70 345 2
70 353 2
70 371 3
70 374 2
70 376 2
70 377 1
70 387 5
70 399 2
70 401 2
70 404 2
70 406 2
70 409 2
70 410 2
70 411 2
70 414 2
71 317 2
71 320 3
71 324 3
71 327 3
71 328 2
71 331 2
71 332 2
71 333 2
71 334 2
71 343 2
71 349 3
71 350 2
71 351 2
71 352 3
71 355 2
71 359 2
71 362 2
71 363 2
71 371 2
71 372 2
71 376 3
71 377 1
71 378 2
71 388 2
71 391 3
71 399 2
71 402 3
71 403 2
71 411 2
71 415 2
72 322 2
72 324 2
72 328 2
72 329 2
72 330 2
72 333 2
72 340 2
72 342 2
72 344 2
72 345 2
72 352 2
72 355 2
72 365 2
72 370 2
72 371 2
72 377 1
72 401 1
72 405 2
72 408 1
73 316 2
73 317 2
73 319 2
73 320 2
73 324 3
73 326 3
73 327 2
73 333 2
73 353 2
73 355 2
73 371 2
73 376 2
73 387 3
73 401 2
73 414 2
74 350 2
74 354 2
74 377 1
75 316 2
75 317 2
75 318 2
75 319 3
75 320 3
75 321 2
75 322 2
75 323 2
75 324 3
75 326 2
75 327 2
75 328 3
75 329 4
75 330 2
75 331 3
75 332 2
75 333 2
75 334 2
75 338 3
75 339 2
75 340 2
75 341 2
75 342 3
75 343 3
75 344 4
75 345 2
75 346 2
75 349 1
75 350 2
75 351 3
75 355 2
75 371 2
75 372 2
75 373 3
75 374 2
75 377 3
75 378 2
75 381 3
75 382 2
75 402 2
75 403 3
75 407 2
75 408 2
75 409 2
75 410 2
75 411 2
75 414 2
75 415 2
76 316 2
76 317 2
76 323 2
76 324 2
76 328 2
76 329 2
76 331 2
76 333 2
76 370 3
76 371 2
76 374 2
77 316 3
77 321 2
77 331 2
77 332 2
77 333 2
77 342 2
77 344 2
77 350 2
77 365 2
77 371 2
77 377 1
77 405 3
78 320 2
78 323 2
78 333 2
78 354 2
78 359 2
78 361 2
78 364 2
78 365 3
78 366 2
78 368 2
78 369 3
78 370 2
79 317 2
79 322 2
79 323 2
79 324 3
79 326 3
79 327 2
79 329 2
79 333 2
79 335 3
79 340 2
79 342 2
79 344 2
79 345 2
79 347 2
79 352 2
79 353 2
79 354 2
79 355 2
79 357 2
79 358 2
79 367 3
79 368 2
79 370 2
79 371 3
79 374 4
79 376 2
79 377 3
79 378 2
79 379 3
79 381 3
79 385 2
79 387 4
79 397 3
79 399 2
79 400 2
79 401 2
79 404 2
79 406 2
79 407 2
79 409 2
79 410 2
79 411 2
79 412 3
79 414 2
80 317 2
80 320 1
80 323 2
80 330 2
80 332 2
80 345 2
80 365 2
80 408 2
81 324 2
81 328 2
81 333 2
81 340 2
81 341 2
81 342 2
81 344 2
81 345 2
81 365 2
81 371 2
81 377 1
81 405 2
81 408 2
82 316 2
82 317 2
82 322 1
82 323 3
82 324 3
82 327 3
82 328 3
82 331 2
82 333 2
82 335 2
82 340 2
82 345 2
82 353 2
82 355 2
82 359 2
82 365 2
82 367 2
82 370 2
82 371 3
82 374 2
82 375 2
82 376 2
82 380 4
82 381 3
82 390 3
82 394 2
82 398 2
82 399 2
82 400 2
82 401 2
82 403 2
82 404 2
82 409 2
82 414 2
83 316 2
83 317 2
83 320 2
83 322 1
83 324 3
83 327 4
83 329 2
83 333 2
83 334 3
83 339 2
83 340 3
83 342 2
83 343 2
83 345 4
83 347 2
83 352 2
83 353 2
83 355 2
83 365 2
83 374 2
83 376 2
83 377 1
83 399 2
83 401 2
83 404 2
83 410 2
83 411 2
83 414 2
84 319 3
84 320 3
84 324 2
84 326 2
84 328 2
84 329 2
84 333 2
84 342 2
84 344 2
84 345 2
84 365 2
84 368 2
84 370 2
84 371 2
84 405 2
84 408 1
85 354 2
85 377 1
86 316 2
86 321 1
86 322 2
86 323 2
86 324 2
86 327 1
86 328 2
86 332 2
86 333 2
86 344 2
86 365 2
86 370 2
86 405 2
86 408 2
86 414 2
87 320 2
87 333 2
87 349 2
87 350 2
87 351 2
87 352 2
87 355 2
87 362 2
87 363 2
88 316 3
88 326 2
88 328 2
88 331 2
88 333 2
88 341 2
88 344 2
88 371 2
88 377 1
88 408 2
89 317 2
89 319 2
89 324 2
89 327 2
89 328 2
89 329 2
89 331 2
89 332 2
89 333 2
89 344 2
89 350 2
89 351 2
89 352 2
89 362 3
89 371 2
89 392 2
89 393 2
89 395 2
90 316 2
90 317 2
90 318 2
90 319 2
90 320 2
90 321 3
90 322 2
90 323 3
90 324 3
90 326 2
90 327 2
90 328 2
90 329 2
90 330 2
90 331 2
90 332 2
90 333 2
90 338 2
90 339 2
90 340 2
90 341 2
90 342 2
90 343 2
90 344 2
90 345 2
90 349 2
90 350 2
90 354 2
90 359 2
90 360 3
90 365 2
90 370 2
90 371 2
90 372 2
90 377 1
90 378 2
90 379 2
90 381 2
90 386 2
90 389 1
90 400 2
90 405 2
90 411 2
90 414 2
91 316 2
91 317 2
91 319 2
91 320 2
91 321 2
91 322 2
91 323 2
91 324 2
91 326 3
91 328 2
91 329 2
91 330 2
91 331 2
91 332 3
91 333 2
91 335 2
91 338 2
91 339 2
91 342 2
91 343 2
91 344 2
91 345 2
91 349 2
91 350 2
91 351 3
91 352 2
91 353 4
91 354 2
91 355 3
91 357 2
91 358 2
91 360 2
91 362 2
91 365 3
91 370 3
91 371 2
91 372 2
91 373 2
91 374 2
91 375 2
91 377 3
91 378 3
91 379 3
91 380 2
91 381 2
91 382 2
91 400 2
91 401 2
91 402 2
91 404 2
91 405 2
91 408 2
91 411 2
91 414 2
92 316 2
92 317 2
92 324 2
92 326 2
92 327 2
92 328 3
92 329 2
92 330 2
92 331 2
92 333 2
92 340 2
92 342 2
92 377 1
92 379 2
93 317 2
93 320 3
93 324 2
93 326 3
93 327 3
93 328 3
93 329 2
93 330 2
93 332 2
93 333 3
93 335 2
93 336 2
93 339 2
93 342 2
93 343 4
93 349 5
93 350 2
93 351 3
93 352 3
93 355 2
93 360 2
93 361 2
93 362 2
93 363 2
93 364 3
93 365 3
93 366 2
93 368 3
93 369 3
93 370 3
93 371 2
93 374 2
93 377 3
93 379 2
93 385 2
93 386 3
93 388 3
93 392 2
93 393 2
93 395 3
93 401 2
93 402 2
93 407 2
93 408 2
93 409 2
93 410 2
93 411 2
93 414 2
94 316 2
94 317 2
94 324 2
94 327 1
94 328 2
94 329 2
94 331 2
94 332 2
94 333 2
94 335 2
94 337 2
94 344 2
94 346 2
94 352 2
94 353 2
94 357 2
94 360 2
94 370 2
94 379 2
94 400 2
95 316 2
95 324 2
95 326 2
95 327 2
95 328 3
95 333 2
95 360 2
95 370 3
95 377 1
95 379 2
95 380 3
95 381 3
96 324 2
96 333 2
96 344 2
96 349 2
96 350 2
96 351 2
96 352 3
96 362 2
96 363 2
96 371 2
97 317 2
97 319 2
97 320 4
97 321 2
97 324 3
97 326 3
97 327 3
97 328 2
97 331 3
97 332 3
97 333 4
97 334 3
97 335 3
97 336 2
97 337 2
97 338 3
97 339 3
97 340 3
97 341 2
97 342 2
97 344 3
97 345 4
97 348 2
97 349 2
97 350 5
97 351 5
97 352 5
97 353 4
97 354 2
97 355 3
97 356 2
97 357 2
97 358 3
97 359 3
97 360 4
97 362 3
97 363 2
97 367 3
97 368 3
97 369 2
97 370 2
97 371 2
97 372 2
97 374 2
97 375 2
97 377 3
97 378 3
97 382 2
97 384 2
97 385 3
97 386 4
97 387 2
97 388 4
97 389 3
97 391 3
97 392 3
97 393 2
97 395 4
97 396 2
97 398 4
97 399 3
97 400 2
97 401 2
97 406 2
97 407 2
97 409 2
97 410 2
97 411 4
97 413 2
97 414 2
98 324 2
98 331 2
98 377 1
98 405 2
99 321 1
99 322 2
99 324 2
99 327 2
99 331 2
99 333 2
99 340 2
99 341 2
99 360 2
99 405 2
99 408 2
100 316 2
100 317 2
100 320 1
100 322 2
100 323 3
100 324 2
100 326 2
100 327 2
100 328 3
100 329 2
100 331 2
100 332 2
100 333 2
100 338 2
100 341 2
100 344 2
100 350 2
100 351 2
100 352 2
100 353 2
100 354 2
100 355 2
100 356 2
100 358 2
100 359 3
100 360 2
100 367 2
100 370 3
100 371 2
100 372 2
100 379 3
100 385 2
100 387 2
100 399 3
100 402 2
100 411 2
101 324 2
101 329 2
101 333 2
101 354 2
101 377 1
101 379 2
101 381 3
102 322 2
102 324 2
102 331 2
102 333 2
102 344 2
102 377 1
103 316 2
103 317 2
103 323 2
103 324 2
103 327 1
103 328 3
103 329 2
103 331 2
103 333 2
103 335 3
103 344 2
103 360 2
103 367 2
103 370 2
103 374 2
103 377 1
103 379 2
103 403 3
104 317 2
104 320 2
104 323 2
104 324 2
104 326 2
104 330 2
104 331 2
104 332 2
104 333 2
104 340 2
104 373 3
104 377 1
104 391 2
104 402 2
104 409 2
104 411 2
104 414 2
104 415 2
105 324 3
105 326 3
105 333 2
105 344 2
105 372 2
105 379 2
105 402 2
106 316 2
106 317 2
106 318 2
106 323 2
106 324 3
106 326 2
106 327 2
106 328 3
106 331 2
106 333 2
106 375 2
106 376 3
106 378 2
106 385 2
107 317 2
107 324 2
107 333 2
107 334 2
107 336 2
107 337 2
107 338 3
107 340 2
107 341 2
107 342 2
107 344 2
107 345 2
107 346 2
107 348 3
107 350 2
107 352 2
107 354 2
107 355 2
107 359 2
107 361 2
107 364 2
107 365 3
107 366 2
107 368 2
107 369 2
107 370 2
107 372 2
107 377 2
107 378 2
108 317 2
108 320 2
108 321 2
108 322 2
108 324 2
108 326 2
108 327 2
108 331 2
108 333 2
108 334 2
108 338 2
108 340 2
108 341 2
108 342 2
108 343 2
108 344 2
108 345 2
108 371 2
108 377 1
109 317 2
109 320 2
109 322 2
109 324 2
109 326 2
109 327 2
109 331 2
109 333 2
109 338 2
109 339 2
109 341 2
109 342 2
109 343 2
109 344 2
109 345 2
109 350 2
109 355 2
109 359 2
109 371 2
109 377 1
110 317 2
110 320 4
110 322 2
110 323 2
110 324 3
110 326 3
110 327 2
110 328 3
110 329 2
110 331 3
110 332 3
110 333 2
110 334 2
110 335 2
110 336 2
110 337 2
110 339 2
110 340 2
110 343 3
110 344 2
110 345 2
110 346 2
110 349 2
110 350 3
110 351 2
110 352 3
110 355 2
110 357 2
110 359 2
110 360 2
110 362 4
110 363 2
110 368 2
110 370 2
110 371 3
110 372 2
110 374 2
110 377 3
110 388 3
110 392 3
110 393 2
110 395 3
110 402 3
110 407 2
110 411 2
110 414 2
111 316 2
111 317 2
111 318 2
111 320 2
111 322 2
111 323 2
111 324 2
111 327 2
111 328 2
111 329 3
111 331 2
111 333 2
111 341 2
111 344 2
111 358 2
111 360 2
111 370 2
111 372 2
111 377 3
111 378 2
111 379 2
111 380 2
111 381 2
111 382 3
111 408 2
112 317 2
112 324 3
112 332 2
112 333 2
112 350 2
112 351 2
112 352 2
112 362 3
112 363 2
112 371 2
112 377 1
113 316 2
113 320 1
113 324 2
113 333 2
113 339 2
113 345 2
113 350 2
113 352 2
113 354 2
113 359 2
113 360 2
113 361 2
113 362 2
113 365 2
113 368 2
113 371 2
113 372 2
113 375 2
113 377 1
113 381 2
113 385 2
113 388 2
113 392 2
113 408 2
114 316 3
114 321 1
114 324 2
114 328 2
114 333 2
114 334 2
114 338 2
114 340 2
114 341 2
114 342 2
114 344 2
114 345 2
114 360 2
114 365 2
114 370 2
114 377 1
114 379 2
114 382 2
114 401 2
114 405 2
114 408 2
115 316 2
115 317 2
115 318 2
115 319 2
115 324 3
115 325 2
115 333 2
115 353 2
115 358 3
115 371 3
115 374 2
115 376 2
115 381 2
115 399 3
115 403 2
115 414 2
116 328 2
116 359 2
116 377 1
116 382 3
117 316 2
117 317 2
117 318 2
117 321 2
117 322 2
117 323 2
117 324 2
117 327 2
117 328 2
117 329 2
117 331 2
117 332 2
117 333 3
117 334 2
117 338 2
117 339 2
117 340 2
117 341 2
117 342 2
117 343 2
117 344 3
117 345 2
117 346 2
117 349 1
117 356 2
117 359 2
117 371 2
117 373 2
117 377 1
117 392 2
117 405 2
117 407 2
117 408 2
117 409 2
117 410 2
117 411 2
117 413 2
117 414 2
117 415 2
118 316 2
118 317 2
118 320 1
118 322 2
118 324 2
118 333 2
118 336 2
118 338 3
118 339 2
118 340 2
118 341 2
118 342 2
118 344 2
118 345 2
118 348 3
118 350 2
118 352 2
118 354 2
118 357 2
118 359 2
118 360 2
118 365 3
118 366 2
118 368 2
118 369 2
118 370 2
118 372 2
118 375 2
118 377 1
118 378 2
118 381 2
118 385 2
118 388 2
118 392 2
118 395 2
118 405 2
119 320 1
119 323 2
119 324 2
119 326 3
119 327 2
119 328 2
119 331 2
119 333 2
119 335 2
119 343 2
119 379 2
119 381 2
120 317 2
120 319 3
120 320 2
120 321 4
120 322 4
120 323 4
120 324 4
120 326 2
120 327 2
120 328 3
120 329 2
120 330 2
120 331 2
120 332 2
120 333 2
120 334 2
120 335 2
120 336 2
120 337 3
120 338 4
120 339 2
120 340 4
120 341 4
120 342 2
120 343 4
120 344 2
120 345 3
120 346 2
120 348 3
120 349 4
120 350 4
120 351 3
120 352 4
120 353 4
120 354 2
120 355 3
120 356 2
120 357 2
120 358 3
120 359 4
120 360 4
120 361 3
120 362 2
120 363 2
120 364 3
120 365 3
120 366 4
120 367 3
120 368 4
120 369 4
120 370 3
120 371 3
120 372 3
120 373 2
120 374 2
120 375 3
120 376 4
120 377 4
120 378 4
120 379 3
120 380 2
120 381 2
120 382 2
120 383 2
120 385 3
120 386 3
120 387 2
120 388 3
120 389 3
120 390 2
120 391 3
120 392 3
120 393 2
120 394 2
120 395 3
120 396 2
120 397 2
120 398 3
120 399 3
120 400 2
120 401 2
120 402 3
120 404 2
120 405 3
120 406 3
120 407 2
120 408 2
120 409 2
120 410 2
120 411 2
120 412 2
120 414 2
121 316 2
121 317 2
121 322 1
121 323 3
121 324 3
121 331 2
121 333 2
121 342 2
121 353 2
121 354 3
121 376 2
121 377 1
121 401 2
122 317 2
122 320 3
122 322 1
122 323 2
122 324 3
122 325 2
122 326 3
122 327 2
122 328 2
122 331 3
122 333 2
122 343 2
122 344 2
122 345 2
122 347 2
122 349 2
122 352 2
122 353 2
122 354 2
122 355 2
122 356 2
122 358 2
122 361 4
122 365 2
122 366 2
122 367 2
122 368 2
122 370 2
122 371 2
122 374 2
122 376 2
122 377 1
122 379 2
122 381 2
122 382 3
122 385 2
122 396 2
122 399 2
122 400 2
122 401 2
122 403 3
122 409 2
122 411 2
122 414 2
123 316 2
123 320 1
123 327 2
123 333 2
123 340 2
123 342 2
123 343 2
123 344 2
123 354 2
123 370 2
124 316 2
124 317 2
124 320 2
124 324 3
124 326 4
124 327 4
124 328 3
124 333 2
124 335 2
124 353 2
124 355 2
124 371 2
124 374 2
124 376 2
124 378 2
124 379 3
124 399 2
124 414 2
125 320 1
125 324 2
125 326 2
125 328 2
125 333 2
125 338 2
125 342 2
125 343 2
125 344 2
125 352 2
125 355 2
125 365 2
125 370 2
125 371 2
125 408 2
126 317 3
126 318 2
126 320 2
126 321 3
126 322 2
126 323 2
126 324 3
126 326 2
126 327 2
126 328 2
126 329 2
126 330 2
126 332 2
126 333 2
126 334 2
126 338 2
126 339 2
126 340 2
126 341 2
126 342 2
126 343 3
126 344 3
126 345 2
126 349 2
126 350 3
126 351 2
126 352 2
126 353 2
126 354 4
126 355 2
126 356 2
126 357 2
126 359 2
126 360 3
126 364 2
126 365 2
126 367 2
126 368 2
126 370 4
126 371 2
126 372 3
126 377 1
126 378 2
126 392 2
126 405 3
126 408 2
126 410 2
126 411 2
126 414 2
127 327 2
127 328 2
128 317 2
128 320 2
128 321 2
128 322 3
128 323 2
128 324 3
128 325 2
128 326 2
128 327 2
128 328 3
128 329 2
128 330 2
128 331 2
128 333 2
128 335 2
128 338 3
128 339 2
128 340 2
128 342 2
128 343 2
128 344 2
128 345 2
128 346 2
128 348 2
128 349 2
128 350 2
128 351 2
128 352 2
128 353 3
128 354 4
128 355 3
128 356 2
128 357 3
128 359 3
128 360 2
128 361 2
128 363 2
128 364 2
128 365 3
128 366 4
128 367 2
128 368 3
128 369 4
128 370 2
128 371 3
128 372 2
128 375 2
128 377 2
128 379 3
128 385 2
128 398 2
128 400 2
128 401 2
128 404 2
128 405 3
128 407 2
128 408 2
128 409 2
128 410 2
128 411 2
128 414 2
129 316 2
129 317 2
129 320 1
129 322 2
129 323 2
129 324 2
129 325 2
129 327 2
129 328 2
129 329 2
129 332 2
129 333 2
129 338 2
129 339 2
129 340 2
129 342 2
129 343 2
129 344 2
129 345 2
129 346 2
129 355 3
129 365 2
129 371 3
129 377 1
129 379 2
129 381 2
129 392 2
129 405 2
130 317 2
130 324 2
130 328 2
130 337 2
131 316 2
131 317 2
131 321 3
131 322 2
131 323 2
131 326 2
131 327 2
131 328 3
131 329 3
131 330 2
131 331 2
131 333 2
131 334 2
131 339 2
131 340 4
131 341 2
131 342 2
131 343 3
131 344 3
131 345 2
131 347 2
131 349 2
131 350 3
131 351 2
131 352 2
131 354 2
131 355 2
131 356 2
131 357 2
131 359 2
131 360 3
131 362 2
131 363 2
131 365 3
131 367 2
131 368 2
131 371 2
131 372 2
131 376 3
131 377 3
131 378 3
131 379 3
131 382 2
131 383 2
131 392 2
131 393 1
131 402 2
131 405 3
131 408 2
131 410 2
131 411 2
131 412 2
131 413 2
131 414 2
131 415 2
132 377 1
133 324 2
133 328 2
133 333 2
133 340 2
133 341 2
133 342 2
133 344 2
133 345 2
133 360 2
133 370 2
133 371 2
133 377 1
133 378 2
133 405 2
133 408 2
134 316 2
134 317 2
134 322 1
134 323 2
134 324 3
134 326 3
134 327 4
134 333 2
134 335 2
134 345 2
134 353 2
134 355 2
134 371 2
134 374 2
134 376 2
134 377 1
134 378 2
134 381 3
134 409 2
134 414 2
135 320 1
135 321 2
135 322 2
135 324 3
135 326 2
135 327 2
135 328 3
135 333 2
135 338 3
135 339 2
135 340 2
135 341 2
135 342 2
135 343 2
135 344 2
135 345 2
135 352 2
135 355 2
135 365 2
135 368 2
135 370 2
135 371 2
135 372 2
135 377 1
135 379 2
135 381 2
135 405 2
136 361 2
136 365 2
136 366 2
136 368 2
136 369 2
137 332 2
137 333 2
137 377 1
138 316 2
138 317 2
138 320 1
138 322 2
138 324 2
138 329 2
138 331 2
138 333 2
138 339 2
138 341 2
138 342 2
138 343 2
138 344 2
138 345 2
138 349 2
138 351 2
138 352 2
138 354 2
138 356 2
138 357 2
138 359 2
138 365 2
138 371 2
138 385 2
138 393 1
138 408 2
139 322 2
139 324 2
139 331 2
139 333 2
139 340 2
139 342 2
139 344 2
139 345 2
139 371 2
139 377 1
139 381 2
139 382 3
139 401 2
139 405 3
139 408 2
140 333 2
140 350 2
140 371 2
140 377 1
140 378 2
140 405 1
141 324 2
141 333 2
141 361 2
141 365 2
141 366 2
141 368 2
141 369 2
141 377 1
142 324 2
142 362 3
142 378 2
143 317 2
143 319 2
143 320 2
143 321 2
143 322 2
143 323 2
143 324 3
143 326 2
143 327 2
143 328 2
143 329 2
143 331 2
143 333 2
143 334 2
143 336 2
143 337 2
143 338 3
143 339 2
143 340 2
143 342 2
143 343 2
143 344 3
143 345 3
143 348 3
143 350 2
143 352 3
143 353 3
143 355 2
143 356 2
143 357 2
143 359 2
143 360 3
143 361 2
143 364 2
143 365 3
143 366 2
143 368 3
143 369 2
143 370 4
143 371 2
143 372 2
143 375 2
143 377 1
143 379 3
143 381 2
143 399 2
143 400 2
143 401 2
143 402 3
143 404 2
143 405 3
143 407 2
143 408 2
143 410 2
143 411 2
143 414 2
144 316 2
144 317 2
144 319 2
144 320 1
144 321 2
144 322 2
144 323 2
144 324 2
144 330 2
144 331 2
144 332 2
144 333 2
144 338 2
144 339 2
144 340 2
144 342 2
144 343 2
144 344 2
144 345 2
144 358 2
144 365 2
144 377 1
144 379 2
144 405 2
144 408 2
145 317 2
145 324 2
145 333 2
145 336 2
145 361 2
145 365 2
145 366 2
145 368 2
145 369 2
146 320 2
146 321 2
146 322 2
146 324 2
146 327 2
146 330 2
146 331 2
146 332 2
146 333 2
146 344 2
146 345 2
146 350 2
146 371 2
146 377 1
146 405 2
147 317 2
147 324 2
147 333 2
147 350 2
147 351 2
147 352 2
147 353 2
147 354 2
147 356 2
147 357 2
147 360 3
147 361 2
147 363 2
147 364 2
147 365 3
147 366 2
147 367 2
147 368 2
147 369 3
147 370 2
148 316 3
148 320 1
148 321 2
148 323 2
148 324 2
148 327 2
148 328 2
148 331 2
148 333 2
148 339 2
148 340 2
148 341 2
148 342 2
148 344 2
148 345 2
148 352 2
148 353 2
148 371 2
148 377 1
148 408 2
148 414 2
149 320 1
149 323 2
149 324 2
149 326 2
149 328 2
149 330 2
149 333 2
149 338 2
149 342 2
149 344 2
149 345 2
149 352 2
149 355 2
149 365 2
149 370 2
149 371 2
150 317 2
150 323 2
150 324 3
150 326 2
150 333 2
150 345 2
150 353 2
150 354 2
150 371 2
150 374 2
150 376 2
151 316 2
151 317 2
151 318 2
151 320 2
151 324 2
151 333 2
151 358 2
151 359 2
151 372 2
151 377 3
151 379 2
152 316 2
152 317 2
152 322 2
152 323 2
152 324 2
152 326 3
152 327 2
152 328 3
152 331 2
152 333 2
152 335 3
152 360 2
152 370 2
152 374 2
152 377 1
152 379 2
153 317 2
153 319 3
153 320 2
153 324 3
153 326 3
153 331 2
153 333 2
153 337 2
153 349 2
153 350 2
153 351 2
153 362 3
153 371 2
153 377 1
153 386 2
153 388 2
153 391 2
153 393 2
154 333 2
154 355 2
154 376 3
155 324 3
155 326 3
155 327 1
155 328 2
155 331 2
155 332 3
155 333 2
155 335 2
155 354 2
155 355 2
155 377 1
155 378 2
155 379 2
155 402 2
156 317 2
156 320 2
156 321 2
156 322 2
156 323 2
156 324 3
156 325 2
156 326 3
156 327 2
156 329 2
156 331 2
156 332 2
156 333 2
156 335 2
156 338 2
156 340 2
156 341 2
156 343 2
156 344 2
156 345 2
156 350 2
156 354 2
156 359 2
156 367 2
156 371 2
156 377 1
156 405 2
156 408 2
156 409 2
157 319 2
157 320 2
157 324 2
157 326 2
157 327 2
157 329 2
157 331 2
157 333 2
157 354 2
157 356 2
157 370 3
157 377 1
157 408 2
158 316 2
158 324 2
158 333 2
158 362 2
159 316 2
159 317 2
159 320 2
159 321 2
159 322 2
159 323 2
159 324 2
159 326 2
159 327 2
159 328 2
159 329 2
159 330 2
159 331 2
159 332 3
159 333 2
159 334 3
159 337 2
159 338 3
159 339 2
159 340 2
159 341 2
159 343 3
159 344 4
159 345 3
159 346 3
159 350 3
159 352 2
159 353 2
159 354 3
159 355 2
159 360 2
159 362 2
159 368 2
159 371 2
159 372 2
159 377 3
159 378 2
159 379 2
159 381 2
159 399 2
159 401 2
159 402 2
159 404 2
159 405 3
159 406 2
159 407 2
159 408 2
159 410 2
159 411 2
159 414 2
159 415 2
160 316 2
160 319 2
160 324 2
160 328 2
160 329 2
160 331 2
160 333 2
160 360 2
160 370 2
160 379 2
160 402 2
161 316 2
161 320 2
161 322 2
161 324 2
161 333 2
161 339 2
161 341 2
161 342 2
161 343 2
161 344 2
161 345 2
161 363 2
161 377 1
161 404 2
161 405 2
161 408 2
162 326 2
162 332 2
162 345 2
162 350 2
163 316 3
163 317 3
163 318 5
163 319 2
163 320 5
163 321 3
163 322 4
163 323 4
163 324 4
163 325 4
163 326 5
163 327 5
163 328 5
163 329 5
163 330 5
163 331 5
163 332 3
163 333 4
163 334 3
163 335 4
163 336 2
163 337 3
163 338 4
163 339 4
163 340 4
163 341 5
163 342 2
163 343 4
163 344 4
163 345 4
163 346 4
163 347 3
163 348 3
163 349 4
163 350 4
163 351 2
163 352 4
163 353 4
163 354 3
163 355 3
163 356 5
163 357 4
163 358 3
163 359 4
163 360 5
163 361 4
163 362 2
163 363 2
163 364 3
163 365 4
163 366 3
163 367 4
163 368 4
163 369 4
163 370 5
163 371 4
163 372 5
163 373 4
163 374 4
163 375 5
163 376 4
163 377 3
163 378 4
163 379 5
163 380 3
163 381 5
163 382 5
163 383 3
163 384 3
163 385 5
163 386 5
163 387 2
163 388 5
163 389 5
163 390 2
163 391 5
163 392 3
163 393 5
163 394 2
163 395 5
163 396 2
163 397 3
163 398 3
163 399 4
163 400 5
163 401 5
163 402 5
163 403 4
163 404 2
163 406 3
163 407 2
163 408 3
163 409 2
163 410 2
163 411 4
163 412 4
163 413 3
163 414 2
163 415 2
164 316 3
164 317 3
164 318 2
164 319 3
164 320 4
164 322 2
164 323 2
164 324 3
164 326 4
164 327 3
164 328 3
164 329 2
164 330 2
164 331 3
164 332 4
164 333 2
164 335 3
164 339 2
164 340 3
164 341 2
164 342 2
164 343 4
164 344 2
164 345 3
164 347 2
164 348 2
164 349 2
164 350 2
164 351 2
164 352 3
164 353 3
164 354 2
164 355 2
164 356 2
164 358 2
164 359 2
164 360 2
164 361 3
164 364 3
164 365 3
164 366 4
164 367 4
164 368 2
164 369 4
164 370 2
164 371 3
164 372 2
164 374 4
164 376 2
164 377 3
164 378 2
164 379 3
164 380 3
164 381 2
164 382 3
164 383 5
164 384 3
164 387 3
164 390 2
164 392 2
164 394 4
164 396 2
164 397 4
164 398 3
164 399 3
164 401 3
164 403 5
164 404 2
164 407 2
164 409 2
164 410 2
164 411 3
164 412 3
164 414 2
165 316 1
165 324 2
165 333 2
165 365 2
165 370 2
165 371 2
165 377 1
165 405 2
165 408 2
167 322 2
167 324 2
167 327 2
167 331 2
167 333 2
167 338 2
167 340 2
167 341 2
167 342 2
167 344 2
167 360 2
167 365 2
167 370 2
167 371 2
167 377 1
167 405 2
167 408 2
168 317 2
168 320 2
168 321 2
168 322 2
168 324 3
168 326 2
168 327 2
168 328 2
168 329 2
168 330 2
168 331 3
168 332 2
168 333 2
168 349 3
168 350 3
168 351 2
168 352 2
168 353 4
168 354 2
168 355 3
168 358 2
168 360 2
168 361 3
168 362 2
168 363 3
168 364 2
168 368 2
168 369 2
168 370 2
168 371 2
168 372 3
168 373 2
168 377 2
168 378 4
168 379 2
168 386 3
168 389 2
168 391 2
168 400 2
168 408 2
169 317 2
169 320 2
169 324 3
169 326 3
169 327 3
169 328 3
169 329 2
169 331 3
169 332 5
169 333 3
169 344 2
169 346 2
169 352 2
169 354 2
169 355 2
169 374 2
169 377 2
169 379 2
169 402 2
169 414 2
169 415 2
170 320 1
170 321 1
170 324 2
170 333 2
170 354 2
170 370 2
170 405 2
170 408 2
171 316 2
171 317 2
171 318 2
171 320 3
171 321 3
171 322 2
171 323 3
171 324 2
171 326 2
171 327 4
171 328 2
171 329 2
171 331 2
171 332 3
171 333 3
171 334 2
171 335 2
171 337 2
171 338 3
171 339 2
171 340 2
171 341 2
171 342 2
171 343 3
171 344 3
171 345 4
171 347 2
171 348 2
171 349 3
171 350 3
171 351 2
171 352 3
171 353 2
171 354 4
171 355 3
171 356 2
171 357 2
171 358 2
171 359 3
171 360 3
171 362 2
171 365 3
171 367 3
171 368 3
171 370 4
171 371 3
171 372 3
171 373 2
171 374 2
171 376 3
171 377 1
171 379 3
171 381 3
171 386 2
171 387 2
171 388 2
171 389 2
171 391 2
171 399 2
171 401 2
171 402 4
171 403 2
171 404 2
171 405 3
171 406 2
171 407 2
171 408 2
171 409 2
171 410 2
171 411 4
171 412 3
171 414 3
171 415 2
172 324 2
172 332 2
172 333 2
172 349 2
172 351 2
172 352 2
172 362 2
172 377 1
172 402 2
173 323 2
173 370 2
173 379 2
174 317 2
174 320 2
174 323 2
174 324 2
174 327 2
174 331 2
174 340 2
174 344 2
174 345 2
174 373 2
174 377 1
174 391 2
174 402 2
174 409 2
174 415 2
175 320 1
175 322 2
175 324 2
175 333 2
175 338 2
175 340 2
175 342 2
175 343 2
175 345 2
175 377 1
175 408 2
176 316 2
176 320 2
176 323 2
176 324 2
176 328 2
176 331 2
176 332 2
176 333 2
176 342 2
176 344 2
176 351 2
176 352 2
176 353 2
176 354 3
176 355 2
176 358 3
176 359 2
176 361 2
176 364 2
176 365 3
176 366 2
176 368 2
176 369 2
176 370 2
176 371 2
176 379 3
176 385 2
176 405 2
176 408 2
177 329 2
177 355 3
177 377 1
178 316 2
178 317 2
178 319 2
178 320 2
178 323 2
178 324 2
178 325 2
178 326 3
178 327 1
178 328 2
178 329 2
178 331 2
178 333 2
178 335 2
178 344 2
178 345 3
178 356 2
178 360 2
178 370 2
178 374 2
178 377 1
178 379 2
178 400 2
178 402 3
178 414 2
179 316 2
179 317 3
179 318 2
179 320 1
179 321 2
179 322 2
179 323 2
179 324 2
179 326 2
179 327 2
179 329 2
179 330 2
179 331 2
179 333 2
179 334 2
179 336 2
179 337 1
179 338 3
179 339 2
179 340 2
179 341 2
179 342 2
179 343 2
179 344 2
179 345 3
179 350 2
179 352 2
179 353 2
179 354 2
179 355 2
179 356 2
179 359 3
179 360 2
179 361 2
179 364 2
179 365 3
179 366 2
179 367 2
179 368 2
179 369 2
179 370 2
179 371 2
179 372 2
179 375 2
179 377 1
179 379 3
179 381 2
179 385 3
179 401 2
179 404 2
179 405 3
179 408 2
179 411 2
179 414 2
180 324 2
180 332 2
180 350 2
180 351 2
180 352 2
180 362 2
180 363 2
181 321 2
181 322 2
181 324 2
181 333 2
181 340 2
181 341 2
181 342 2
181 344 2
181 345 2
181 365 2
181 370 2
181 377 1
181 408 2
182 318 2
182 319 2
182 320 2
182 324 3
182 326 3
182 327 1
182 328 2
182 331 2
182 332 2
182 333 2
182 335 2
182 350 2
182 352 2
182 354 2
182 355 2
182 377 1
182 378 2
182 379 2
182 402 2
183 317 2
183 324 2
183 365 2
183 379 2
184 317 2
184 320 1
184 324 2
184 329 2
184 331 2
184 333 2
184 343 2
184 344 2
184 355 2
184 374 2
184 381 2
185 316 2
185 317 2
185 318 3
185 320 2
185 322 2
185 323 2
185 324 3
185 325 2
185 326 3
185 327 3
185 328 3
185 329 2
185 330 2
185 331 2
185 333 2
185 334 2
185 335 3
185 336 2
185 338 3
185 339 2
185 340 3
185 342 3
185 343 4
185 344 2
185 345 3
185 347 2
185 350 2
185 351 2
185 353 2
185 355 2
185 356 2
185 358 2
185 359 2
185 360 2
185 365 2
185 366 2
185 367 3
185 368 2
185 369 2
185 370 3
185 371 2
185 374 2
185 377 3
185 378 2
185 379 2
185 381 3
185 385 3
185 399 3
185 400 2
185 401 2
185 404 2
185 407 2
185 409 2
185 410 2
185 411 2
185 412 3
185 414 2
186 316 2
186 317 2
186 318 2
186 319 2
186 320 3
186 321 2
186 322 2
186 323 2
186 324 3
186 326 2
186 327 3
186 328 3
186 329 4
186 330 2
186 331 3
186 333 2
186 334 2
186 335 2
186 339 2
186 340 2
186 341 2
186 342 2
186 343 2
186 344 2
186 345 3
186 347 2
186 349 2
186 350 2
186 351 2
186 353 2
186 354 2
186 355 2
186 356 2
186 357 2
186 360 3
186 361 2
186 362 2
186 363 2
186 365 3
186 366 2
186 367 3
186 368 2
186 369 2
186 370 2
186 371 2
186 372 2
186 373 2
186 374 2
186 375 3
186 377 3
186 380 2
186 382 3
186 385 2
186 392 2
186 398 2
186 399 3
186 401 2
186 404 3
186 405 2
186 406 2
186 407 2
186 408 2
186 409 2
186 410 2
186 411 2
186 412 2
187 316 2
187 317 2
187 318 3
187 319 2
187 320 1
187 322 4
187 323 4
187 324 3
187 326 3
187 327 3
187 329 2
187 330 2
187 331 3
187 333 2
187 334 3
187 335 3
187 338 4
187 340 4
187 341 4
187 342 2
187 343 4
187 344 3
187 345 2
187 350 2
187 352 2
187 353 2
187 354 2
187 355 2
187 358 2
187 360 3
187 367 3
187 368 2
187 370 3
187 371 4
187 373 4
187 374 4
187 376 2
187 377 1
187 378 3
187 384 3
187 385 2
187 392 3
187 399 4
187 401 2
187 409 2
187 410 2
187 411 2
187 414 2
188 317 3
188 318 2
188 319 2
188 320 3
188 321 2
188 322 2
188 323 2
188 324 2
188 325 2
188 326 4
188 327 2
188 328 3
188 329 3
188 331 2
188 332 3
188 333 3
188 334 2
188 335 3
188 337 2
188 338 3
188 339 3
188 340 2
188 341 2
188 342 2
188 343 3
188 344 3
188 345 4
188 349 3
188 350 2
188 351 3
188 352 4
188 353 2
188 354 4
188 355 3
188 356 2
188 357 2
188 358 3
188 359 2
188 360 3
188 362 2
188 363 2
188 365 2
188 367 2
188 368 3
188 370 3
188 371 2
188 372 3
188 373 2
188 374 2
188 377 3
188 378 3
188 379 3
188 381 3
188 382 2
188 385 2
188 386 2
188 388 2
188 389 3
188 391 3
188 398 2
188 399 3
188 400 2
188 401 2
188 402 2
188 403 2
188 404 2
188 405 2
188 406 3
188 407 2
188 408 2
188 409 2
188 410 2
188 411 4
188 412 2
188 413 2
188 414 2
188 415 2
189 316 2
189 317 2
189 319 2
189 322 1
189 324 3
189 325 3
189 326 4
189 327 2
189 328 3
189 333 2
189 335 2
189 343 2
189 347 5
189 353 2
189 355 2
189 359 2
189 368 2
189 370 2
189 371 3
189 372 2
189 374 2
189 376 2
189 378 3
189 381 2
189 390 5
189 399 3
189 401 2
189 404 2
189 411 2
189 413 5
189 414 2
190 341 2
190 344 2
190 350 2
190 351 2
190 393 1
190 408 2
191 331 2
191 333 2
191 355 2
191 360 2
191 377 1
192 331 2
192 377 1
192 405 2
193 316 2
193 317 2
193 318 2
193 320 2
193 323 2
193 324 2
193 326 2
193 327 2
193 328 2
193 329 2
193 331 2
193 333 2
193 353 2
193 370 2
193 371 2
193 374 2
193 375 2
193 385 2
193 407 2
193 411 2
194 316 2
194 319 2
194 320 2
194 321 2
194 322 2
194 323 2
194 324 2
194 326 2
194 327 2
194 328 3
194 330 2
194 331 2
194 333 2
194 338 2
194 339 2
194 340 2
194 342 2
194 343 2
194 344 2
194 345 2
194 349 2
194 350 3
194 352 2
194 354 2
194 359 2
194 370 3
194 371 2
194 377 1
194 381 1
194 405 2
194 408 2
195 316 3
195 317 3
195 318 2
195 319 2
195 320 3
195 322 3
195 323 2
195 324 2
195 325 3
195 326 2
195 328 3
195 329 2
195 331 2
195 333 3
195 335 2
195 337 2
195 338 2
195 339 2
195 340 2
195 342 2
195 343 2
195 344 3
195 345 3
195 347 2
195 352 2
195 354 2
195 355 2
195 356 2
195 360 2
195 365 2
195 367 2
195 368 2
195 370 3
195 374 2
195 377 1
195 379 2
195 380 2
195 381 3
195 382 3
195 398 3
195 399 3
195 401 2
195 403 3
195 404 2
195 406 2
195 408 2
195 411 2
195 413 2
195 414 2
196 316 2
196 317 2
196 319 2
196 320 2
196 321 2
196 322 2
196 323 2
196 324 2
196 325 2
196 326 2
196 327 2
196 328 2
196 329 2
196 330 2
196 331 2
196 332 2
196 333 2
196 337 2
196 338 2
196 339 2
196 340 2
196 341 2
196 342 2
196 343 2
196 344 2
196 345 2
196 349 3
196 350 3
196 351 2
196 352 2
196 353 2
196 354 4
196 355 2
196 357 2
196 360 2
196 362 2
196 363 2
196 365 2
196 367 2
196 368 2
196 370 3
196 371 2
196 377 1
196 383 2
196 385 2
196 386 2
196 388 2
196 389 2
196 391 2
196 392 2
196 393 2
196 395 2
196 396 2
196 398 2
196 405 3
196 407 2
196 408 2
196 409 2
196 410 2
196 411 2
196 412 2
196 414 2
197 316 2
197 317 2
197 318 2
197 320 2
197 322 2
197 323 3
197 324 3
197 326 2
197 327 3
197 328 2
197 329 2
197 330 2
197 331 3
197 332 2
197 333 3
197 334 2
197 337 2
197 338 3
197 339 2
197 340 2
197 341 2
197 342 3
197 343 2
197 344 2
197 345 4
197 346 2
197 347 2
197 349 2
197 350 3
197 351 3
197 352 2
197 353 2
197 354 2
197 355 3
197 356 2
197 357 2
197 359 2
197 360 3
197 361 2
197 362 2
197 364 3
197 365 3
197 367 2
197 368 2
197 369 2
197 370 4
197 371 2
197 372 2
197 375 2
197 377 1
197 378 2
197 392 1
197 401 2
197 404 2
197 407 2
197 408 2
197 411 2
197 414 2
198 317 2
198 319 3
198 320 3
198 323 3
198 324 3
198 326 3
198 327 2
198 328 2
198 329 2
198 331 3
198 332 3
198 333 3
198 335 3
198 336 2
198 337 2
198 343 2
198 346 2
198 349 2
198 350 3
198 351 3
198 352 3
198 355 2
198 360 3
198 362 5
198 363 5
198 368 2
198 370 2
198 371 2
198 372 4
198 374 2
198 377 3
198 385 2
198 386 2
198 388 2
198 391 3
198 393 2
198 395 2
198 398 2
198 401 2
198 402 2
198 406 2
198 407 2
198 409 2
198 410 2
198 411 2
198 412 4
198 414 2
198 415 2
199 317 2
199 324 2
199 336 2
199 348 2
199 352 2
199 361 2
199 365 2
199 366 2
199 368 2
199 369 2
199 371 2
199 380 2
199 400 2
199 414 2
200 316 3
200 320 1
200 321 2
200 323 2
200 324 3
200 327 2
200 330 2
200 331 2
200 333 2
200 338 2
200 339 2
200 340 2
200 341 2
200 342 2
200 344 2
200 345 2
200 355 2
200 360 2
200 365 2
200 368 2
200 370 2
200 371 2
200 377 1
200 408 2
201 361 2
201 365 2
201 368 2
201 370 2
202 317 2
202 320 2
202 324 2
202 333 2
202 352 3
202 377 1
202 379 2
202 402 2
203 319 2
203 320 2
203 321 2
203 322 2
203 323 2
203 324 2
203 325 2
203 326 2
203 327 2
203 329 2
203 331 2
203 333 2
203 344 2
203 353 2
203 354 2
203 356 2
203 360 2
203 367 2
203 370 3
203 371 2
203 378 3
203 381 2
203 382 3
203 405 2
203 408 2
204 316 2
204 317 2
204 320 2
204 322 2
204 324 2
204 326 2
204 327 2
204 328 2
204 329 2
204 331 3
204 332 2
204 333 2
204 334 2
204 336 2
204 337 2
204 338 3
204 340 2
204 342 2
204 343 2
204 344 3
204 345 3
204 346 2
204 352 2
204 354 2
204 355 2
204 357 2
204 359 2
204 360 3
204 361 2
204 364 2
204 365 2
204 366 2
204 368 2
204 370 3
204 371 2
204 374 2
204 375 2
204 377 1
204 381 3
204 400 3
204 401 2
204 404 3
204 410 2
204 411 2
204 414 2
205 316 2
205 317 2
205 318 2
205 324 3
205 328 2
205 333 2
205 353 2
205 376 2
205 377 1
205 379 3
206 316 5
206 317 3
206 318 2
206 319 5
206 320 4
206 321 2
206 322 4
206 323 5
206 324 3
206 325 5
206 326 3
206 327 4
206 328 4
206 329 2
206 330 2
206 331 3
206 332 4
206 333 5
206 334 5
206 335 5
206 336 3
206 337 2
206 338 5
206 339 5
206 340 5
206 341 5
206 342 5
206 343 5
206 344 5
206 345 5
206 346 5
206 347 2
206 348 2
206 349 4
206 350 2
206 351 3
206 352 4
206 353 5
206 354 3
206 355 4
206 356 5
206 357 2
206 358 3
206 359 3
206 360 4
206 361 4
206 362 2
206 363 2
206 364 3
206 365 4
206 366 3
206 367 5
206 368 4
206 369 4
206 370 4
206 371 5
206 373 4
206 374 5
206 375 2
206 376 5
206 377 3
206 378 3
206 379 4
206 380 4
206 381 2
206 382 2
206 383 4
206 384 4
206 385 3
206 386 4
206 387 4
206 388 4
206 389 2
206 390 4
206 391 3
206 392 5
206 394 4
206 395 2
206 396 5
206 397 4
206 398 5
206 399 5
206 400 2
206 401 2
206 403 4
206 404 2
206 405 5
206 406 5
206 407 2
206 408 5
206 409 4
206 410 2
206 411 5
206 412 3
206 413 2
206 414 2
206 415 5
207 316 2
207 317 2
207 324 2
207 327 1
207 328 2
207 333 2
207 335 2
207 360 2
207 370 2
207 379 2
207 414 2
208 320 2
208 321 2
208 322 2
208 323 3
208 324 2
208 327 2
208 328 2
208 329 2
208 330 2
208 331 2
208 332 3
208 333 2
208 339 2
208 342 2
208 343 2
208 344 2
208 370 2
208 372 2
208 373 2
208 377 1
208 379 2
208 381 2
208 405 2
209 323 2
209 324 2
209 327 2
209 329 2
209 331 2
209 333 2
209 360 2
209 370 2
210 316 2
210 317 2
210 319 2
210 323 2
210 324 2
210 329 2
210 331 2
210 333 2
210 335 2
210 360 2
210 370 2
210 379 2
210 402 2
210 403 2
211 319 2
211 324 2
211 331 2
211 332 2
211 333 2
211 343 2
211 344 2
211 350 2
211 351 2
211 352 2
211 362 3
211 363 2
211 371 2
211 377 1
212 317 2
212 322 1
212 324 2
212 326 3
212 327 2
212 333 2
212 353 2
212 371 2
212 376 2
213 317 2
213 324 2
213 326 2
213 327 1
213 333 2
213 336 2
213 344 2
213 348 2
213 349 2
213 352 2
213 353 2
213 361 3
213 365 5
213 366 2
213 368 2
213 369 2
213 370 2
213 371 2
213 379 3
213 411 2
213 414 2
214 316 2
214 317 2
214 318 2
214 319 2
214 320 2
214 321 2
214 322 2
214 323 3
214 324 3
214 327 3
214 328 2
214 329 2
214 330 3
214 331 2
214 332 2
214 333 2
214 334 2
214 339 2
214 341 2
214 342 2
214 343 2
214 344 4
214 347 2
214 352 2
214 353 2
214 355 2
214 365 2
214 371 2
214 372 2
214 373 2
214 377 1
214 378 2
214 400 2
214 403 2
214 407 2
214 408 2
214 409 2
214 410 2
214 415 2
215 317 2
215 324 2
215 326 2
215 328 2
215 333 2
215 335 2
215 345 2
215 370 2
215 379 2
215 381 2
215 401 2
215 403 3
215 410 2
215 414 2
216 324 2
216 333 2
216 377 1
216 379 2
216 402 2
217 316 2
217 323 2
217 324 2
217 333 2
217 335 2
217 353 2
217 354 2
217 355 2
217 356 2
217 367 3
217 371 2
217 376 2
217 383 3
217 385 2
217 392 2
217 394 3
217 396 2
217 398 3
217 411 4
217 414 2
218 317 2
218 318 2
218 319 2
218 320 2
218 321 2
218 322 2
218 323 2
218 324 3
218 327 2
218 331 2
218 332 2
218 333 2
218 338 2
218 339 2
218 340 2
218 342 2
218 343 2
218 344 3
218 345 2
218 353 2
218 354 2
218 355 2
218 358 2
218 368 2
218 369 2
218 370 2
218 371 2
218 377 1
218 378 2
218 408 2
219 316 2
219 317 3
219 318 2
219 319 3
219 320 3
219 321 2
219 322 2
219 323 2
219 324 3
219 326 3
219 327 2
219 328 4
219 329 2
219 330 2
219 331 3
219 332 4
219 333 4
219 334 3
219 335 3
219 336 2
219 337 2
219 338 2
219 339 2
219 340 2
219 341 2
219 342 2
219 343 3
219 344 4
219 346 3
219 347 2
219 348 2
219 349 4
219 350 4
219 351 3
219 352 3
219 353 2
219 354 5
219 355 4
219 356 2
219 357 3
219 358 3
219 359 3
219 360 4
219 361 2
219 362 2
219 363 2
219 365 3
219 367 2
219 368 3
219 369 3
219 370 4
219 371 2
219 372 3
219 373 2
219 374 2
219 375 2
219 377 3
219 378 4
219 379 3
219 381 3
219 382 2
219 385 3
219 386 3
219 387 2
219 388 4
219 389 2
219 391 3
219 392 3
219 395 2
219 396 2
219 398 3
219 399 3
219 400 2
219 401 2
219 402 5
219 403 2
219 404 2
219 405 3
219 406 2
219 407 2
219 408 2
219 409 2
219 410 2
219 411 4
219 412 2
219 413 2
219 414 2
219 415 2
220 317 2
220 320 2
220 323 2
220 324 2
220 327 2
220 371 2
220 377 1
220 379 2
221 316 2
221 317 2
221 318 2
221 319 3
221 320 2
221 323 2
221 324 2
221 326 3
221 327 2
221 328 3
221 329 3
221 330 2
221 331 2
221 333 2
221 335 2
221 338 2
221 343 2
221 352 2
221 360 2
221 365 2
221 370 2
221 371 2
221 374 2
221 377 1
221 378 2
221 379 2
221 381 3
222 316 2
222 317 2
222 319 2
222 322 1
222 323 2
222 324 3
222 329 2
222 331 2
222 333 2
222 335 2
222 340 2
222 345 2
222 347 2
222 352 2
222 353 2
222 354 3
222 356 2
222 365 2
222 367 3
222 370 2
222 371 3
222 374 2
222 376 2
222 377 1
222 379 3
222 381 2
222 384 5
222 399 4
222 401 2
222 404 2
222 409 2
222 414 2
223 316 2
223 317 2
223 318 2
223 324 2
223 326 3
223 328 2
223 331 2
223 333 2
223 335 2
223 345 2
223 347 2
223 353 2
223 370 2
223 371 2
223 374 2
223 376 2
223 399 2
223 401 2
223 414 2
224 316 2
224 317 2
224 319 2
224 324 3
224 326 3
224 327 1
224 329 2
224 333 2
224 353 2
224 355 2
224 365 2
224 371 2
224 374 2
224 376 2
224 379 2
224 381 3
224 384 2
224 387 3
224 399 2
224 400 2
224 404 2
224 406 2
224 409 2
224 411 2
224 414 2
225 324 2
225 333 2
225 360 2
225 370 2
225 377 1
225 403 2
226 318 2
226 320 2
226 322 2
226 323 3
226 324 2
226 326 2
226 327 2
226 328 2
226 329 2
226 330 2
226 331 2
226 332 2
226 333 2
226 340 2
226 341 2
226 342 2
226 352 2
226 355 2
226 358 2
226 359 2
226 360 2
226 370 2
226 377 1
226 408 2
227 319 3
227 320 1
227 324 2
227 328 2
227 331 2
227 333 2
227 408 2
228 316 2
228 324 2
228 331 2
228 340 2
228 341 2
228 342 2
228 344 2
228 345 2
228 371 2
228 377 1
228 382 3
229 324 2
229 371 2
229 377 1
230 317 2
230 322 1
230 324 3
230 326 3
230 327 3
230 333 2
230 335 2
230 340 2
230 342 2
230 345 2
230 353 2
230 354 2
230 359 2
230 365 2
230 368 2
230 370 3
230 371 2
230 374 2
230 376 2
230 379 3
230 401 2
230 414 2
231 316 2
231 317 2
231 320 2
231 323 2
231 324 2
231 328 2
231 333 2
231 342 2
231 344 2
231 370 2
231 371 2
231 374 2
231 377 1
231 379 2
232 316 2
232 317 2
232 319 3
232 320 2
232 321 2
232 322 2
232 323 2
232 324 2
232 326 3
232 328 3
232 329 2
232 330 2
232 331 2
232 332 2
232 333 2
232 334 2
232 338 3
232 339 3
232 340 2
232 342 3
232 343 3
232 344 2
232 345 2
232 349 2
232 350 2
232 351 2
232 352 2
232 354 2
232 355 2
232 356 2
232 359 3
232 360 2
232 362 2
232 363 2
232 365 2
232 367 2
232 370 3
232 371 2
232 372 2
232 377 3
232 378 2
232 379 2
232 385 2
232 386 2
232 388 2
232 389 2
232 391 2
232 392 2
232 393 2
232 395 2
232 398 2
232 400 2
232 404 2
232 405 2
232 408 2
232 410 2
232 411 2
232 414 2
233 324 2
233 326 2
233 327 2
233 329 2
233 331 2
233 333 2
233 409 2
233 414 2
234 316 2
234 317 2
234 324 2
234 368 2
234 371 2
234 377 1
236 316 2
236 324 2
236 333 2
236 354 2
236 377 2
236 379 2
236 381 3
236 403 2
237 317 2
237 318 2
237 319 2
237 320 2
237 321 4
237 323 2
237 324 2
237 327 2
237 329 2
237 331 2
237 333 2
237 338 2
237 340 2
237 342 2
237 343 2
237 344 2
237 345 3
237 350 2
237 355 2
237 359 2
237 371 2
237 377 1
237 405 2
237 408 2
238 324 2
238 329 2
238 333 2
238 355 2
239 323 2
239 371 2
240 323 2
240 328 2
240 329 2
240 331 2
240 333 2
240 374 2
240 377 1
241 322 2
241 324 2
241 329 2
241 333 2
241 340 2
241 377 1
241 405 2
241 408 2
242 317 2
242 324 3
242 326 3
242 327 1
242 328 2
242 333 2
242 353 2
242 371 2
242 376 2
242 378 2
242 381 3
242 401 2
242 414 2
243 316 2
243 317 2
243 321 2
243 324 2
243 329 2
243 331 2
243 332 2
243 333 2
243 341 2
243 342 2
243 344 2
243 345 3
243 346 2
243 350 2
243 362 2
243 405 2
243 408 2
243 414 2
244 316 2
244 317 2
244 318 2
244 320 2
244 323 3
244 324 2
244 326 2
244 327 2
244 328 2
244 329 2
244 331 2
244 334 2
244 337 2
244 338 2
244 340 2
244 342 2
244 344 2
244 349 2
244 351 2
244 352 2
244 353 2
244 355 4
244 358 2
244 359 2
244 367 2
244 368 2
244 370 3
244 372 2
244 374 2
244 377 1
244 379 2
244 385 2
244 399 3
244 409 2
244 411 2
244 414 2
245 316 2
245 317 2
245 320 1
245 321 3
245 324 2
245 327 2
245 328 3
245 329 2
245 330 2
245 332 2
245 333 2
245 338 2
245 340 2
245 341 2
245 345 2
245 355 3
245 365 2
245 370 2
245 371 3
245 377 1
245 379 2
245 385 2
245 387 2
245 392 2
245 400 2
245 408 2
245 414 2
246 317 2
246 324 2
246 325 2
246 326 2
246 329 2
246 333 2
246 334 2
246 341 2
246 344 2
246 353 2
246 355 2
246 370 2
246 371 2
246 374 2
246 376 2
246 379 2
246 382 3
246 390 2
247 317 3
247 318 2
247 319 3
247 320 2
247 323 2
247 324 2
247 327 2
247 328 3
247 329 2
247 331 3
247 332 2
247 333 3
247 334 2
247 335 2
247 338 2
247 341 2
247 342 2
247 343 2
247 344 2
247 345 2
247 349 3
247 350 2
247 352 3
247 353 2
247 354 2
247 355 2
247 367 2
247 370 2
247 371 2
247 374 2
247 377 1
247 379 3
247 385 2
247 386 3
247 388 2
247 391 3
247 399 2
247 401 2
247 402 3
247 409 2
247 410 2
247 411 2
247 412 2
247 414 2
248 316 2
248 317 2
248 320 4
248 323 2
248 324 2
248 326 2
248 327 4
248 328 3
248 329 2
248 331 2
248 333 2
248 352 2
248 354 2
248 355 2
248 357 2
248 359 2
248 362 2
248 365 2
248 372 2
248 373 2
248 376 4
248 377 1
248 378 2
248 381 2
248 382 2
248 391 3
248 399 2
248 400 2
248 401 2
248 403 2
248 404 2
248 408 2
248 413 2
249 316 2
249 317 2
249 320 2
249 321 1
249 323 2
249 324 2
249 329 2
249 331 2
249 332 2
249 333 2
249 344 2
249 351 2
249 356 2
249 365 2
249 370 3
249 371 2
249 379 2
249 381 2
249 405 2
249 408 2
250 316 2
250 317 2
250 324 2
250 333 2
250 345 2
250 353 2
250 354 2
250 366 2
250 374 2
250 376 2
250 394 2
250 409 2
250 414 2
251 316 2
251 317 2
251 324 2
251 328 2
251 331 2
251 333 2
251 370 2
251 371 2
252 316 2
252 317 2
252 318 2
252 320 2
252 324 3
252 326 3
252 329 2
252 331 2
252 333 2
252 335 2
252 336 2
252 344 2
252 345 2
252 352 2
252 353 3
252 354 2
252 364 2
252 371 2
252 374 2
252 376 2
252 380 4
252 383 3
252 385 2
252 394 2
252 399 2
252 401 2
252 403 2
252 409 2
252 414 2
253 316 2
253 317 2
253 318 2
253 319 2
253 320 3
253 322 1
253 324 3
253 325 2
253 326 3
253 327 2
253 328 3
253 329 2
253 330 2
253 331 3
253 333 2
253 334 2
253 335 3
253 339 2
253 340 3
253 341 2
253 343 2
253 344 2
253 345 3
253 346 2
253 347 2
253 350 4
253 352 2
253 353 3
253 354 3
253 355 2
253 356 2
253 357 2
253 358 2
253 359 2
253 360 3
253 364 2
253 365 3
253 366 4
253 367 4
253 368 3
253 370 3
253 371 3
253 372 2
253 374 3
253 376 2
253 377 1
253 379 3
253 381 2
253 382 3
253 383 3
253 385 3
253 394 5
253 396 2
253 398 3
253 399 3
253 400 2
253 401 2
253 403 2
253 404 2
253 406 2
253 407 2
253 409 2
253 410 2
253 411 2
253 412 3
253 413 2
253 414 2
254 316 2
254 317 2
254 319 2
254 320 2
254 322 2
254 324 3
254 333 2
254 335 2
254 345 2
254 346 2
254 353 2
254 354 2
254 364 2
254 366 2
254 371 2
254 376 2
254 398 2
254 401 2
254 410 2
255 319 2
255 322 2
255 323 2
255 324 2
255 328 2
255 329 2
255 330 2
255 331 2
255 332 2
255 333 2
255 338 2
255 340 2
255 341 2
255 342 2
255 343 2
255 350 2
255 354 2
255 371 2
255 377 1
255 408 2
256 318 2
256 319 2
256 322 2
256 323 2
256 324 2
256 326 2
256 328 2
256 331 2
256 338 2
256 340 2
256 342 2
256 343 2
256 344 2
256 345 2
256 350 2
256 360 3
256 371 2
256 408 2
257 317 2
257 320 1
257 331 2
257 332 2
257 339 2
257 365 2
258 316 2
258 320 3
258 321 2
258 322 2
258 323 2
258 324 2
258 326 2
258 327 2
258 328 2
258 329 2
258 330 2
258 331 2
258 333 2
258 334 2
258 335 2
258 338 3
258 339 2
258 340 2
258 342 2
258 343 2
258 345 2
258 349 2
258 350 3
258 352 3
258 353 2
258 354 2
258 357 2
258 359 3
258 360 2
258 367 2
258 368 2
258 370 2
258 371 3
258 372 2
258 374 2
258 377 1
258 378 2
258 381 2
258 402 2
258 404 2
258 405 2
258 408 2
258 409 2
258 411 2
259 322 2
259 323 3
259 324 2
259 326 2
259 331 2
259 333 2
259 339 2
259 340 2
259 341 2
259 342 2
259 343 2
259 344 3
259 345 2
259 371 2
259 377 1
259 404 2
259 408 2
260 316 2
260 317 2
260 318 2
260 320 2
260 321 2
260 322 2
260 323 3
260 324 2
260 325 2
260 326 2
260 327 2
260 328 3
260 329 4
260 330 2
260 331 2
260 333 2
260 334 4
260 335 2
260 336 2
260 338 2
260 340 2
260 341 2
260 342 2
260 343 2
260 344 4
260 345 2
260 347 2
260 349 4
260 351 3
260 352 3
260 353 2
260 354 2
260 355 2
260 356 2
260 357 2
260 359 2
260 360 3
260 361 2
260 362 2
260 364 2
260 365 3
260 366 2
260 367 3
260 368 2
260 369 2
260 370 3
260 371 3
260 372 3
260 374 2
260 376 4
260 377 3
260 378 2
260 379 2
260 380 2
260 381 2
260 385 3
260 386 2
260 391 2
260 392 2
260 399 3
260 400 2
260 401 2
260 402 2
260 404 2
260 405 2
260 407 2
260 408 2
260 409 2
260 410 2
260 411 2
260 412 3
260 414 2
261 320 2
261 327 2
261 371 2
261 377 1
262 317 2
262 318 3
262 322 1
262 324 3
262 326 2
262 327 4
262 328 2
262 329 2
262 333 2
262 340 2
262 342 2
262 344 2
262 345 3
262 352 2
262 353 2
262 354 2
262 355 2
262 365 3
262 368 2
262 370 3
262 371 3
262 374 2
262 376 2
262 377 1
262 379 3
262 381 3
262 390 4
262 397 2
262 399 2
262 401 2
262 403 2
262 414 2
263 316 3
263 317 2
263 320 2
263 321 2
263 322 2
263 323 2
263 324 2
263 326 2
263 327 2
263 328 2
263 329 2
263 330 2
263 336 3
263 337 1
263 338 2
263 339 2
263 340 2
263 341 2
263 342 2
263 343 2
263 344 2
263 345 2
263 346 2
263 348 3
263 349 2
263 350 2
263 351 3
263 352 2
263 353 2
263 354 2
263 355 2
263 356 2
263 359 2
263 360 3
263 361 2
263 362 2
263 363 2
263 364 2
263 365 3
263 366 2
263 367 2
263 368 2
263 369 3
263 370 2
263 371 3
263 372 2
263 374 2
263 377 1
263 378 2
263 392 1
263 399 1
263 401 2
263 404 2
263 405 3
263 407 2
263 408 2
263 409 2
263 410 2
263 411 2
263 412 3
263 414 2
264 316 2
264 317 2
264 324 2
264 327 2
264 329 2
264 333 2
264 340 2
264 352 3
264 377 1
264 379 2
264 402 2
264 414 2
265 317 2
265 320 2
265 321 1
265 324 3
265 326 3
265 327 2
265 328 2
265 329 2
265 330 2
265 332 2
265 333 2
265 334 2
265 336 2
265 338 3
265 340 2
265 341 2
265 342 2
265 343 2
265 344 2
265 345 2
265 346 2
265 348 3
265 349 2
265 350 2
265 351 2
265 352 2
265 353 2
265 354 2
265 355 2
265 356 2
265 357 2
265 359 2
265 360 3
265 361 2
265 362 2
265 363 3
265 364 2
265 365 3
265 366 3
265 367 2
265 368 2
265 369 3
265 370 3
265 371 2
265 372 3
265 373 2
265 374 2
265 377 3
265 378 2
265 381 2
265 386 2
265 387 2
265 388 2
265 391 2
265 392 2
265 397 2
265 401 2
265 404 2
265 407 2
265 410 2
265 411 2
265 414 2
266 324 2
266 327 2
266 331 2
266 333 2
266 360 2
266 370 2
266 377 1
267 317 2
267 321 1
267 323 2
267 324 2
267 327 1
267 329 2
267 333 2
267 350 2
267 355 2
267 359 2
267 361 2
267 365 2
267 366 2
267 368 2
267 374 2
268 316 2
268 317 2
268 318 2
268 319 3
268 320 2
268 321 2
268 322 2
268 323 3
268 324 2
268 326 3
268 327 2
268 328 3
268 329 2
268 330 2
268 331 2
268 333 2
268 334 2
268 335 3
268 336 2
268 337 2
268 338 4
268 339 2
268 340 2
268 341 2
268 342 2
268 343 2
268 344 3
268 345 3
268 346 3
268 348 3
268 349 2
268 350 3
268 351 3
268 352 3
268 353 4
268 354 4
268 355 3
268 356 2
268 357 3
268 358 2
268 359 4
268 360 3
268 361 3
268 362 2
268 363 3
268 364 3
268 365 3
268 366 2
268 367 3
268 368 3
268 369 4
268 370 2
268 371 4
268 372 4
268 374 4
268 375 2
268 376 3
268 377 1
268 378 2
268 379 3
268 381 4
268 382 2
268 383 2
268 385 2
268 386 2
268 388 2
268 389 2
268 391 4
268 392 3
268 393 2
268 394 2
268 395 2
268 396 2
268 397 2
268 398 2
268 399 3
268 401 2
268 402 3
268 403 4
268 404 2
268 405 3
268 407 2
268 408 2
268 409 2
268 410 2
268 411 2
268 412 3
268 414 2
268 415 4
269 317 2
269 320 1
269 321 2
269 322 2
269 324 2
269 329 2
269 332 2
269 333 2
269 338 2
269 339 2
269 340 2
269 341 2
269 342 2
269 343 2
269 344 2
269 345 2
269 350 2
269 354 2
269 359 2
269 362 2
269 365 2
269 372 2
269 377 1
269 405 2
269 408 2
270 316 2
270 323 2
270 324 2
270 327 3
270 333 2
270 360 2
270 370 2
270 373 3
270 377 1
270 379 2
271 316 2
271 317 2
271 318 2
271 319 3
271 320 2
271 322 1
271 324 3
271 325 3
271 326 3
271 327 3
271 329 2
271 333 2
271 335 2
271 340 2
271 345 2
271 352 2
271 353 2
271 355 2
271 359 2
271 371 3
271 374 2
271 376 2
271 379 2
271 399 3
271 401 2
271 404 2
271 409 2
271 414 2
272 316 2
272 317 2
272 318 2
272 320 1
272 324 2
272 327 2
272 331 2
272 332 2
272 333 2
272 339 2
272 349 2
272 350 3
272 352 2
272 354 2
272 355 2
272 365 2
272 372 2
272 377 1
272 385 2
272 391 2
272 393 1
272 398 2
272 415 2
273 316 2
273 317 2
273 318 2
273 319 2
273 320 2
273 321 2
273 322 2
273 323 3
273 324 3
273 325 2
273 326 2
273 327 3
273 329 2
273 330 2
273 331 2
273 332 2
273 333 3
273 334 2
273 337 2
273 338 3
273 339 2
273 340 2
273 342 2
273 343 3
273 344 3
273 346 2
273 350 2
273 352 2
273 355 2
273 358 3
273 365 2
273 370 3
273 371 2
273 372 2
273 373 5
273 374 2
273 376 3
273 377 1
273 381 3
273 385 2
273 391 3
273 392 2
273 398 2
273 399 2
273 400 2
273 401 2
273 402 4
273 403 2
273 404 2
273 405 3
273 407 2
273 408 2
273 409 2
273 410 2
273 411 4
273 412 3
273 413 2
273 414 2
273 415 2
274 317 3
274 324 2
274 326 3
274 328 2
274 329 2
274 331 2
274 335 2
274 350 2
274 352 2
274 354 2
274 355 2
274 372 3
274 374 2
274 377 1
274 378 2
274 379 2
274 402 2
275 316 2
275 317 2
275 319 2
275 320 3
275 323 2
275 324 3
275 326 2
275 327 2
275 328 2
275 329 2
275 332 2
275 333 3
275 337 2
275 343 2
275 350 2
275 351 2
275 352 3
275 355 2
275 360 2
275 362 2
275 363 2
275 370 2
275 371 2
275 372 2
275 377 3
275 393 2
275 407 2
275 410 2
275 411 2
276 317 2
276 320 1
276 321 2
276 323 2
276 324 2
276 329 2
276 331 2
276 377 1
277 316 2
277 317 2
277 318 2
277 319 3
277 320 2
277 321 3
277 323 2
277 324 2
277 325 2
277 326 3
277 327 2
277 328 3
277 329 2
277 330 2
277 331 3
277 332 2
277 333 2
277 334 2
277 335 4
277 337 2
277 338 3
277 340 3
277 341 2
277 342 3
277 343 3
277 344 3
277 345 4
277 346 3
277 347 2
277 349 4
277 350 3
277 351 2
277 352 2
277 353 4
277 355 2
277 357 3
277 358 3
277 359 4
277 360 3
277 361 3
277 365 3
277 366 2
277 367 3
277 368 2
277 369 4
277 370 3
277 371 2
277 372 2
277 374 2
277 377 3
277 378 2
277 379 2
277 381 3
277 382 2
277 385 4
277 387 2
277 396 2
277 398 4
277 399 3
277 400 2
277 401 2
277 403 4
277 404 2
277 405 3
277 407 2
277 408 2
277 409 2
277 410 2
277 411 2
277 412 3
277 413 2
277 414 2
278 319 3
278 320 1
278 321 2
278 322 2
278 323 4
278 324 3
278 326 2
278 327 3
278 328 2
278 329 2
278 330 2
278 331 2
278 333 2
278 334 2
278 336 3
278 337 1
278 338 3
278 339 2
278 340 2
278 341 2
278 342 2
278 343 2
278 344 2
278 345 3
278 346 2
278 348 4
278 349 2
278 350 4
278 351 2
278 352 2
278 353 2
278 354 3
278 356 2
278 357 2
278 358 2
278 359 3
278 360 2
278 361 2
278 364 2
278 365 3
278 366 3
278 367 2
278 368 2
278 369 3
278 370 3
278 371 3
278 372 2
278 374 2
278 375 2
278 377 2
278 378 2
278 379 3
278 381 2
278 385 3
278 387 2
278 392 1
278 401 2
278 402 2
278 405 3
278 408 2
278 411 2
278 414 2
279 317 2
279 318 2
279 320 1
279 321 2
279 324 2
279 331 2
279 332 2
279 333 2
279 341 2
279 342 2
279 343 2
279 344 2
279 345 2
279 377 1
279 405 2
279 408 2
280 316 2
280 317 2
280 319 2
280 322 1
280 324 2
280 326 3
280 327 2
280 328 2
280 333 2
280 353 2
280 371 2
280 374 2
280 376 2
280 377 1
280 381 2
280 399 2
280 404 2
280 409 2
280 414 2
281 317 2
281 324 2
281 333 2
281 344 2
281 351 2
281 352 2
281 353 2
281 364 2
281 365 2
281 377 1
281 393 2
282 316 2
282 344 2
282 352 2
282 405 1
283 320 2
283 323 2
283 324 2
283 328 2
283 331 2
283 333 2
283 341 2
283 343 2
283 344 2
283 345 2
283 371 2
283 408 2
284 324 2
284 327 2
284 333 2
284 344 2
284 350 2
284 351 2
284 352 2
284 361 2
284 362 2
284 365 3
284 368 2
284 370 2
284 377 1
285 317 2
285 320 2
285 321 2
285 322 2
285 324 3
285 327 2
285 329 2
285 330 3
285 331 2
285 332 3
285 333 2
285 334 2
285 338 2
285 339 2
285 340 2
285 341 2
285 342 2
285 344 3
285 345 2
285 354 2
285 359 3
285 365 2
285 371 2
285 405 3
285 408 2
286 316 2
286 324 2
286 326 2
286 327 2
286 329 2
286 333 2
286 343 2
286 355 2
286 357 2
286 362 2
286 391 3
287 320 2
287 353 2
287 354 2
287 355 2
287 361 2
287 364 2
287 365 2
287 366 2
287 370 2
287 377 2
288 317 2
288 324 2
288 326 2
288 327 2
288 328 2
288 329 2
288 333 2
288 385 2
289 316 2
289 324 2
289 343 2
289 377 1
289 408 2
290 316 2
290 317 2
290 318 2
290 319 3
290 320 2
290 321 2
290 322 3
290 323 2
290 324 3
290 326 4
290 327 3
290 328 2
290 329 2
290 330 2
290 331 2
290 332 2
290 333 4
290 334 2
290 335 2
290 336 5
290 337 1
290 338 5
290 339 2
290 340 2
290 341 2
290 342 2
290 343 2
290 344 2
290 345 3
290 348 5
290 349 4
290 350 3
290 351 4
290 352 3
290 353 4
290 354 3
290 355 2
290 356 2
290 357 3
290 358 3
290 359 3
290 360 4
290 361 5
290 362 2
290 363 3
290 364 5
290 365 5
290 366 5
290 367 4
290 368 5
290 369 5
290 370 3
290 371 4
290 372 2
290 373 2
290 374 2
290 375 2
290 377 3
290 378 2
290 379 3
290 380 2
290 381 2
290 382 3
290 383 2
290 384 3
290 385 2
290 386 2
290 387 2
290 388 2
290 389 2
290 390 1
290 391 2
290 392 2
290 394 2
290 395 2
290 396 2
290 397 2
290 398 2
290 399 3
290 400 2
290 401 2
290 404 2
290 405 3
290 406 2
290 407 2
290 408 2
290 409 2
290 410 2
290 411 2
290 412 2
290 414 2
290 415 2
291 316 3
291 317 3
291 318 2
291 319 2
291 320 2
291 321 3
291 322 3
291 323 3
291 324 3
291 325 3
291 326 2
291 327 4
291 328 3
291 329 2
291 330 2
291 331 3
291 333 3
291 334 2
291 335 3
291 337 2
291 338 2
291 339 2
291 340 2
291 341 2
291 342 3
291 343 3
291 344 4
291 345 4
291 346 2
291 347 3
291 349 3
291 350 2
291 352 2
291 353 2
291 354 2
291 355 2
291 356 2
291 357 2
291 358 2
291 360 2
291 361 2
291 363 2
291 365 3
291 366 2
291 367 2
291 368 2
291 369 2
291 370 3
291 371 2
291 372 2
291 374 4
291 376 3
291 377 3
291 379 3
291 380 3
291 382 3
291 393 2
291 396 2
291 399 4
291 400 2
291 401 2
291 402 2
291 403 3
291 404 3
291 405 3
291 407 2
291 408 3
291 410 2
291 411 2
291 412 3
291 413 3
291 414 2
292 324 2
292 352 2
292 372 2
292 377 1
293 320 1
293 332 2
293 333 2
293 377 1
294 320 2
294 321 2
294 322 2
294 323 2
294 324 2
294 327 2
294 328 2
294 330 2
294 331 2
294 332 2
294 333 2
294 339 2
294 341 2
294 342 2
294 344 2
294 354 2
294 372 2
294 377 1
294 405 2
294 408 2
295 317 3
295 319 2
295 324 2
295 330 2
295 333 2
295 339 2
295 347 2
295 352 3
295 354 2
295 365 2
295 372 2
295 377 1
295 379 2
295 402 2
295 414 2
296 317 2
296 365 2
297 316 2
297 324 2
297 327 2
297 332 2
297 333 3
297 355 2
297 357 5
297 359 2
297 362 2
297 378 3
297 393 2
297 403 3
297 404 2
297 415 2
298 316 2
298 317 2
298 324 2
298 326 3
298 327 2
298 328 3
298 329 2
298 333 2
298 344 2
298 352 2
298 353 2
298 370 2
298 371 2
298 379 2
298 385 2
298 414 2
299 316 2
299 317 2
299 318 2
299 319 3
299 322 2
299 323 2
299 324 3
299 325 2
299 326 2
299 327 2
299 328 3
299 329 2
299 330 2
299 331 3
299 333 2
299 335 2
299 338 2
299 343 2
299 344 3
299 345 2
299 354 2
299 355 2
299 360 2
299 365 2
299 366 2
299 368 2
299 370 2
299 374 2
299 376 3
299 377 1
299 379 2
299 380 3
299 382 3
299 390 2
299 399 2
299 401 2
299 404 2
299 414 2
300 318 2
300 352 2
300 377 1
300 379 2
300 412 2
301 316 3
301 317 2
301 318 2
301 319 2
301 320 3
301 321 2
301 322 2
301 323 3
301 324 3
301 325 2
301 326 2
301 327 2
301 328 3
301 329 2
301 330 3
301 331 2
301 332 2
301 333 2
301 334 2
301 335 2
301 338 2
301 339 2
301 340 2
301 341 2
301 342 2
301 343 3
301 344 2
301 345 2
301 346 2
301 352 2
301 354 2
301 355 2
301 356 2
301 359 2
301 362 2
301 363 3
301 365 2
301 368 2
301 372 3
301 373 2
301 377 3
301 378 2
301 388 3
301 393 2
301 395 2
301 403 2
301 404 2
301 405 3
301 407 2
301 408 2
301 409 2
301 410 2
301 411 2
301 414 2
301 415 2
302 317 2
302 324 2
302 327 2
302 329 2
302 331 2
302 333 2
302 341 2
302 342 2
302 343 2
302 344 2
302 345 2
302 362 2
302 405 2
302 408 2
303 316 2
303 317 2
303 320 1
303 321 2
303 322 2
303 324 2
303 326 4
303 327 2
303 328 2
303 329 2
303 330 2
303 332 2
303 333 2
303 334 2
303 338 2
303 339 2
303 340 2
303 341 2
303 342 2
303 343 3
303 344 3
303 345 2
303 346 2
303 349 3
303 350 3
303 351 3
303 352 2
303 353 2
303 354 4
303 355 3
303 356 2
303 357 2
303 360 2
303 362 3
303 363 2
303 365 2
303 367 2
303 370 3
303 371 2
303 372 2
303 373 2
303 377 3
303 378 2
303 385 2
303 386 2
303 389 2
303 392 2
303 393 4
303 395 2
303 407 2
303 408 2
303 409 2
303 410 2
303 411 2
303 415 2
304 317 3
304 318 2
304 320 2
304 322 1
304 324 3
304 325 2
304 326 3
304 327 4
304 328 3
304 329 4
304 331 3
304 333 3
304 335 3
304 337 2
304 342 2
304 344 2
304 345 2
304 352 2
304 353 2
304 355 1
304 356 2
304 357 2
304 358 2
304 359 2
304 365 2
304 367 3
304 368 2
304 371 3
304 374 4
304 376 2
304 383 4
304 384 4
304 385 2
304 386 3
304 387 4
304 390 3
304 391 2
304 392 4
304 393 2
304 394 3
304 395 2
304 396 4
304 397 4
304 398 3
304 399 3
304 401 5
304 403 4
304 404 3
304 406 3
304 407 2
304 408 2
304 409 5
304 410 2
304 411 2
304 413 4
304 414 2
305 316 2
305 317 2
305 320 1
305 321 2
305 323 2
305 324 3
305 329 2
305 331 2
305 333 2
305 335 2
305 341 2
305 342 2
305 343 3
305 344 2
305 355 2
305 356 2
305 357 2
305 360 2
305 370 2
305 371 2
305 377 1
305 379 2
305 381 2
305 382 2
305 401 2
305 404 2
305 405 2
305 408 2
305 410 2
305 414 2
306 319 2
306 324 2
306 326 2
306 353 2
306 359 2
306 376 2
306 377 1
306 396 2
307 321 1
307 322 2
307 324 2
307 331 2
307 333 2
307 340 2
307 341 2
307 342 2
307 344 2
307 350 3
307 355 2
307 370 2
307 372 2
307 377 1
307 382 2
307 405 2
307 408 2
308 316 2
308 317 2
308 324 2
308 326 2
308 327 2
308 331 2
308 333 2
308 360 2
308 370 2
308 377 1
308 379 2
308 380 2
308 381 2
309 359 2
309 361 2
309 365 2
309 369 2
309 370 2
310 333 2
310 340 2
310 344 2
310 355 2
310 361 2
310 365 3
310 366 2
310 367 2
310 369 2
310 377 1
311 332 2
311 333 2
312 324 2
312 370 3
313 324 2
313 326 2
313 327 2
313 333 2
313 361 2
313 363 2
313 365 2
313 366 2
313 371 2
313 377 1
313 382 2
314 316 3
314 317 2
314 320 2
314 322 2
314 323 2
314 324 2
314 328 2
314 331 2
314 333 2
314 341 2
314 342 2
314 343 2
314 344 2
314 345 2
314 350 2
314 351 2
314 352 2
314 354 2
314 372 2
314 377 1
314 405 2
315 316 2
315 317 2
315 319 2
315 320 2
315 321 3
315 323 3
315 324 2
315 325 3
315 326 2
315 327 2
315 328 3
315 329 2
315 331 2
315 332 2
315 333 2
315 334 3
315 337 2
315 338 3
315 339 2
315 340 2
315 342 2
315 343 2
315 344 2
315 345 2
315 346 4
315 349 2
315 351 2
315 352 2
315 354 2
315 355 2
315 356 5
315 358 5
315 359 2
315 360 2
315 361 2
315 362 2
315 363 2
315 364 2
315 366 2
315 367 2
315 368 2
315 369 2
315 370 2
315 371 2
315 372 3
315 373 2
315 374 2
315 376 3
315 377 5
315 378 2
315 379 2
315 382 2
315 385 2
315 393 2
315 399 2
315 401 2
315 404 2
315 405 3
315 406 2
315 407 2
315 408 2
315 409 2
315 410 2
315 411 4
315 412 3
315 414 2
315 415 2;
